255 255 255 255 255 255 255 255 255 255 255 255 255 255 255 255 255 255 255 255 255 255 255 255 255 255 255 255 255 255 255 255 255 255 255 255 255 255 255 246 242 245 251 255 255 255 255 255 255 255 255 255 253 242 255 255 255 255 255 255 255 255 255 255 255 255 255 255 255 255 255 255 255 255 255 255 255 255 255 255 255 255 255 255 255 255 255 255 255 255
255 255 255 255 255 255 255 255 255 255 255 255 255 255 255 255 255 255 255 255 255 255 255 255 255 255 255 255 255 255 255 255 255 255 255 255 255 255 255 209 178 184 225 222 222 233 245 255 255 255 255 255 248 189 255 246 254 245 255 254 255 255 254 255 255 255 255 255 255 255 255 255 255 255 255 255 255 255 255 255 255 255 255 255 255 255 255 255 255 255
255 255 255 255 255 255 255 255 255 255 255 255 255 255 255 255 255 255 255 255 255 255 255 255 255 255 255 255 255 255 250 241 235 225 232 232 253 255 255 230 194 174 213 131 125 146 217 229 198 201 222 249 255 223 254 233 253 216 222 214 252 238 236 242 255 255 255 255 255 255 255 255 255 255 255 255 255 255 255 255 255 255 255 255 255 255 255 255 255 255
255 255 255 255 255 255 255 255 255 255 255 255 255 255 255 255 255 255 255 255 255 255 255 255 255 255 255 255 255 255 245 214 186 152 148 148 193 195 194 210 218 243 245 182 174 158 219 155 79 88 120 170 192 183 185 224 205 219 194 185 249 226 224 213 255 252 254 255 254 255 255 255 255 255 255 255 255 255 255 255 255 255 255 255 255 255 255 255 255 255
255 255 255 255 255 255 255 255 255 255 255 255 255 255 255 255 255 255 255 255 255 255 255 255 255 244 247 251 231 255 255 233 213 192 169 121 164 103 83 104 102 131 166 218 212 251 236 186 154 117 119 105 154 74 67 108 84 131 144 185 245 255 255 231 255 251 236 211 190 207 254 255 255 255 255 255 255 255 255 255 255 255 255 255 255 255 255 255 255 255
255 255 255 255 255 255 255 255 255 255 255 255 255 255 255 255 255 255 255 255 255 255 255 255 255 233 205 188 129 230 236 172 244 243 253 209 240 185 166 126 36 15 31 111 75 123 227 238 242 208 216 204 237 171 150 112 119 50 12 49 107 141 222 253 255 255 238 213 153 157 186 249 254 255 255 255 255 255 255 255 255 255 255 255 255 255 255 255 255 255
255 255 255 255 255 255 255 255 255 255 255 255 255 255 255 255 255 255 255 255 255 255 255 255 255 247 226 212 177 159 131 43 117 194 97 97 200 123 210 224 172 160 151 115 6 8 78 85 91 175 95 116 208 242 240 226 231 184 142 52 22 18 90 96 143 217 254 255 226 219 206 218 209 241 255 255 255 255 255 255 255 255 255 255 255 255 255 255 255 255
255 255 255 255 255 255 255 255 255 255 255 255 255 255 255 255 255 255 255 255 255 255 234 153 112 111 193 154 231 216 200 178 183 157 43 8 51 13 57 77 79 148 243 223 180 148 55 0 0 42 20 11 55 76 76 87 196 239 244 202 182 96 49 50 23 60 78 144 251 255 254 239 232 248 255 255 255 255 255 255 255 255 255 255 255 255 255 255 255 255
255 255 255 255 255 255 255 255 255 255 255 255 255 255 255 255 255 255 255 255 255 255 232 41 14 11 62 26 53 60 132 188 225 230 210 198 195 113 69 12 0 23 57 164 177 198 214 195 161 196 168 178 185 56 35 3 40 80 59 104 237 227 209 212 45 0 77 22 59 103 202 254 255 255 255 255 255 255 255 255 255 255 255 255 255 255 255 255 255 255
255 255 255 255 255 255 255 255 255 255 255 255 255 255 255 255 255 255 255 255 255 255 252 217 214 214 175 62 36 0 15 27 35 41 41 59 158 233 228 216 201 65 23 54 25 33 73 147 234 255 34 68 154 122 209 212 190 28 0 9 38 153 253 255 223 211 92 8 0 9 30 49 96 218 255 255 255 255 255 255 255 255 255 255 255 255 255 255 255 255
255 255 255 255 255 255 255 255 255 255 255 255 255 255 255 255 255 255 255 188 54 78 125 119 198 214 227 233 236 232 174 160 9 0 0 2 12 22 25 54 219 229 235 236 199 13 3 11 21 137 212 207 13 12 21 30 109 211 232 77 1 12 23 78 207 254 240 233 213 45 6 68 6 19 27 140 240 255 255 255 255 255 255 255 255 255 255 255 255 255
255 255 255 255 255 255 255 255 255 255 255 255 255 255 255 255 255 255 255 100 137 1 2 2 3 5 4 4 126 189 254 254 251 224 134 185 52 10 0 1 3 4 13 47 154 251 221 121 4 7 137 248 247 92 32 0 2 4 97 252 136 10 0 43 3 63 210 247 255 252 251 195 181 94 14 3 4 58 224 255 255 255 255 255 255 255 255 255 255 255
255 255 255 255 255 255 255 255 255 255 255 255 255 255 255 255 255 253 250 249 255 255 243 233 80 148 15 14 14 7 6 31 153 114 231 232 238 246 239 136 41 14 10 3 0 179 247 250 254 114 13 12 0 138 179 218 141 34 14 211 255 255 171 15 6 0 0 0 28 118 204 241 240 245 249 222 161 18 1 121 249 255 255 255 255 255 255 255 255 255
255 255 255 255 255 255 255 255 255 255 255 255 255 255 255 255 254 207 156 133 218 234 222 225 240 239 248 239 175 133 58 33 28 13 4 0 0 84 105 222 228 237 183 73 33 10 113 149 219 234 219 130 31 14 0 0 107 185 217 222 236 244 246 254 127 37 20 3 0 0 20 77 22 65 130 211 233 254 48 28 147 240 244 254 255 255 255 255 255 255
255 255 255 255 255 255 255 255 255 255 255 255 255 255 255 255 249 131 73 86 35 84 3 20 113 104 161 136 207 206 209 224 199 129 76 52 35 17 16 0 37 126 182 210 251 113 154 45 90 74 123 210 231 136 53 49 21 14 0 0 89 135 146 204 243 252 172 70 47 34 149 230 187 51 16 0 69 201 249 208 168 163 163 205 224 255 255 255 255 255
255 255 255 255 255 255 255 255 255 255 255 255 255 255 254 234 209 221 219 229 194 105 77 49 25 23 32 7 17 11 22 79 112 184 194 222 178 122 122 69 51 27 0 26 172 235 239 169 193 25 0 25 149 188 207 238 127 116 71 69 41 1 0 3 177 174 188 221 235 190 159 95 206 218 111 55 4 3 166 255 255 255 168 85 92 243 255 255 255 255
255 255 255 255 255 255 255 255 255 255 255 255 255 255 244 170 59 86 81 153 163 207 218 195 138 144 164 105 93 86 64 63 5 0 56 90 127 142 157 174 142 150 89 55 0 120 130 164 219 148 89 74 40 14 54 154 122 155 206 223 185 92 88 88 91 0 8 85 160 248 216 68 51 89 125 153 97 86 92 247 209 190 254 200 127 226 255 255 255 255
255 255 255 255 255 255 255 255 255 255 255 255 255 255 240 194 107 105 78 72 21 69 87 130 131 147 146 175 198 185 161 169 111 108 162 71 31 0 0 19 34 146 239 192 107 76 0 6 88 161 254 227 174 108 59 8 0 0 66 99 145 209 253 251 124 102 20 0 0 136 186 215 105 27 1 38 188 242 251 223 72 40 164 255 255 255 255 255 255 255
255 255 255 255 255 255 255 255 255 255 255 255 241 208 151 147 128 163 195 208 150 125 66 14 0 0 0 37 61 52 66 99 124 152 223 211 163 125 97 67 1 2 111 120 165 209 126 111 33 16 219 125 129 194 196 136 113 58 20 0 0 74 168 198 236 248 147 117 28 43 46 123 170 156 104 23 49 129 227 232 125 2 36 138 152 237 255 255 255 255
255 255 255 255 255 255 255 255 255 255 255 255 243 190 122 79 13 42 112 110 181 230 162 152 140 125 139 148 114 28 20 5 0 21 82 242 116 187 195 204 146 138 8 0 32 104 247 213 171 142 120 0 0 84 188 218 144 158 161 129 87 48 35 61 93 165 206 247 169 168 0 0 39 125 216 165 131 38 87 140 250 141 113 41 21 100 204 255 255 255
255 255 255 255 255 255 255 255 255 255 255 255 247 224 159 87 154 169 157 162 187 85 66 88 88 142 205 154 215 180 176 166 151 103 21 237 4 49 70 113 195 235 168 142 81 107 95 77 90 104 152 163 163 179 169 156 29 68 93 145 190 193 155 12 0 35 61 234 255 246 150 99 0 20 79 186 246 183 74 19 91 236 227 174 2 4 60 126 255 255
255 255 255 255 255 255 255 255 255 246 255 243 69 66 42 21 65 211 180 253 230 185 154 116 1 28 55 28 64 85 73 84 160 224 191 251 177 125 0 9 46 66 107 202 218 230 127 1 0 6 56 102 211 253 235 200 2 0 1 28 60 139 251 187 161 25 0 128 73 99 217 226 161 140 0 54 113 234 214 96 1 66 231 250 181 19 0 15 103 234
255 255 255 255 255 255 255 255 255 252 255 251 176 195 181 197 175 242 235 243 159 90 214 186 191 198 200 169 42 4 0 3 28 53 83 87 124 166 194 176 86 0 10 41 57 109 216 200 189 72 0 9 41 54 54 176 200 157 126 9 0 20 60 159 246 208 176 107 0 8 45 88 245 241 192 12 12 53 86 218 156 1 58 255 254 206 184 49 9 229
255 255 255 255 255 255 255 255 255 255 255 181 224 220 132 125 138 205 255 253 193 6 48 27 34 93 36 106 181 173 217 215 150 33 5 7 13 23 46 86 197 219 174 68 0 10 32 43 121 227 217 214 107 4 0 23 72 225 224 221 213 210 1 19 35 232 248 235 213 111 0 6 87 208 228 221 205 8 6 34 95 110 2 163 142 227 252 224 119 92
255 255 255 237 167 231 255 255 255 60 221 11 15 15 8 7 8 13 19 53 96 233 213 17 1 5 0 6 14 14 50 254 247 228 227 120 12 0 1 4 14 33 81 235 232 158 0 1 7 20 57 242 245 232 147 4 3 16 16 47 136 231 172 33 0 105 17 27 150 246 233 119 4 18 15 27 230 236 165 0 6 9 0 163 16 23 251 255 247 242
255 255 255 252 251 255 255 255 255 210 250 219 193 184 195 135 74 20 35 6 2 253 254 254 251 246 206 181 174 88 185 211 2 0 43 254 254 225 167 18 1 1 1 3 135 185 249 230 89 3 1 0 3 155 196 232 160 14 1 1 0 3 210 254 254 232 1 1 0 0 41 250 249 145 1 1 0 19 221 254 252 254 244 254 0 0 0 10 247 254
255 255 255 255 255 255 255 255 243 236 237 186 107 31 157 152 177 28 33 176 80 82 19 18 62 112 29 195 218 236 243 237 106 18 13 158 23 175 166 201 235 235 140 20 229 0 0 167 231 235 211 59 20 3 0 14 196 237 240 177 18 3 0 30 201 236 244 185 17 15 0 14 189 237 234 170 19 6 0 67 160 165 235 236 89 20 19 9 10 145
255 255 255 255 255 255 255 248 88 10 36 1 11 21 26 35 37 63 34 35 29 30 35 31 24 16 11 2 0 14 83 155 205 194 146 61 35 30 8 4 19 165 212 216 225 35 30 95 0 18 174 223 226 60 34 16 0 40 252 216 196 65 34 15 0 13 171 217 199 196 38 24 0 20 179 219 244 105 35 8 0 0 6 124 221 250 241 135 57 1
255 255 255 255 255 255 255 221 84 57 126 56 114 159 175 220 199 167 175 188 179 198 218 207 181 141 114 66 57 48 28 10 0 0 16 142 200 210 82 45 53 38 2 0 49 175 157 199 56 55 31 31 71 137 175 94 56 58 212 0 29 167 201 135 55 30 0 10 61 179 202 171 56 46 0 11 168 221 232 96 56 45 1 0 22 197 227 254 220 61
255 254 255 255 255 255 255 255 250 196 175 168 172 160 134 127 25 34 4 24 96 139 118 156 175 177 177 181 193 221 159 107 66 67 74 7 55 167 130 142 168 159 76 70 58 2 5 131 177 191 164 70 48 0 1 35 177 183 155 69 20 0 83 180 173 157 71 86 1 0 27 147 198 215 75 64 44 74 170 216 253 193 78 15 0 3 91 223 245 252
255 255 255 255 255 252 170 239 213 38 3 1 0 0 0 0 0 0 0 1 34 0 27 15 0 1 1 4 32 154 154 161 140 160 208 108 94 89 43 1 2 84 145 148 180 86 86 7 3 41 149 149 170 91 68 1 4 14 138 146 116 88 38 3 2 132 151 206 84 87 9 0 59 151 164 229 187 17 0 79 161 144 254 125 51 0 0 106 140 230
255 255 255 255 245 138 36 216 187 73 77 80 104 95 112 104 110 102 100 110 157 106 144 132 105 101 98 31 2 1 0 0 0 28 141 143 155 194 163 108 96 32 0 0 87 123 142 26 85 99 1 0 101 151 173 110 110 47 0 0 110 136 164 110 58 0 0 101 125 233 125 101 1 0 9 142 222 137 92 2 18 51 148 255 190 108 2 11 0 104
255 255 255 255 244 131 155 238 243 200 150 145 187 104 122 114 121 111 109 119 117 116 113 120 115 122 162 121 110 105 116 110 78 12 115 2 15 65 109 118 136 143 122 104 36 1 13 17 93 158 129 96 2 15 78 118 167 182 123 17 1 4 175 125 184 115 64 1 3 111 140 205 130 68 5 0 88 122 169 133 47 0 7 137 234 248 134 91 10 0
255 255 255 255 255 254 159 105 104 96 53 46 59 0 5 0 0 0 0 0 0 0 0 0 0 9 44 70 86 83 114 180 125 136 235 141 120 24 3 0 25 86 113 144 161 145 135 12 0 40 166 197 145 40 1 0 39 243 160 145 140 116 50 4 97 119 171 140 26 0 14 76 150 181 150 96 9 0 55 144 170 126 1 43 88 205 255 223 158 71
255 255 255 249 132 86 31 0 0 0 0 9 24 121 153 141 139 142 149 150 144 133 90 75 30 32 28 19 10 3 13 53 36 73 83 81 77 166 164 146 32 3 9 35 76 86 237 172 125 9 37 69 122 188 156 107 56 85 36 75 141 219 159 83 74 16 69 101 155 132 11 0 27 73 123 215 167 58 42 23 110 238 154 23 0 58 86 217 255 209
255 255 244 65 42 43 106 18 21 171 178 186 168 184 195 153 161 192 190 196 205 228 99 112 12 129 147 162 165 168 156 138 26 7 0 0 3 61 76 60 104 157 151 61 12 1 64 161 66 106 129 11 16 81 63 164 199 176 7 0 24 61 93 185 187 10 0 9 56 63 164 160 5 0 15 64 222 208 122 0 10 67 240 189 74 0 0 52 137 253
255 255 252 206 212 217 231 168 77 49 47 48 41 35 35 25 28 35 34 36 39 63 29 22 0 30 36 41 42 44 42 97 171 148 170 152 71 25 3 0 24 41 41 79 192 185 142 109 4 27 52 96 152 8 0 32 51 188 187 153 18 0 8 40 76 135 122 16 0 3 42 110 188 134 3 0 41 76 229 137 0 0 52 201 214 169 6 0 18 55
255 255 255 255 220 197 30 24 11 1 0 0 0 0 0 4 0 0 0 0 0 145 166 180 120 66 83 22 0 0 0 9 44 22 25 22 107 224 210 49 28 2 0 9 28 139 232 230 74 2 3 14 192 170 85 7 1 21 28 114 191 161 12 0 5 20 26 170 152 3 0 10 79 191 196 52 53 4 109 239 57 2 1 22 50 227 224 23 0 1
255 255 255 122 10 9 2 0 0 7 98 93 186 222 222 225 202 126 197 158 24 8 9 10 92 54 53 123 150 176 46 132 113 0 0 0 5 169 143 112 215 217 109 38 10 6 11 138 131 194 99 15 9 9 99 223 153 4 0 5 10 108 204 204 49 0 0 9 219 220 71 10 3 9 88 210 71 0 4 87 235 224 34 0 1 18 237 182 10 0
255 255 216 43 74 114 234 210 209 232 230 221 183 148 52 0 5 0 0 12 0 111 106 108 4 3 4 5 1 1 0 76 202 209 200 101 123 255 68 1 0 0 123 223 202 29 6 3 0 1 197 224 77 5 2 66 19 186 186 63 6 2 0 107 218 111 6 2 46 152 153 228 40 1 0 84 243 131 6 1 0 172 244 111 5 0 1 212 253 75
255 255 255 254 232 235 227 23 0 0 0 0 9 3 5 18 17 9 13 6 2 5 4 1 0 116 139 162 35 63 17 11 0 0 14 138 203 233 196 53 21 5 1 12 241 202 203 114 29 21 81 4 149 168 76 34 2 0 72 206 223 80 9 0 0 184 209 98 6 0 0 132 219 66 15 0 91 200 231 42 4 0 16 226 204 25 2 0 214 250
255 255 255 209 62 52 8 14 12 27 39 38 113 67 82 189 175 93 130 84 44 67 49 30 24 24 24 1 0 145 182 131 37 16 2 0 0 43 154 160 184 70 43 36 194 1 0 100 147 185 48 20 1 16 167 181 54 32 1 1 127 170 96 35 6 0 121 161 81 13 0 0 137 221 168 32 0 0 175 223 72 17 2 63 227 223 56 10 8 169
255 255 234 1 2 40 97 121 113 160 198 174 191 190 183 168 159 79 83 158 118 116 69 88 107 105 112 6 0 127 182 180 178 97 60 52 52 15 0 0 29 135 153 166 107 55 37 4 0 46 161 124 59 27 0 11 158 172 43 14 0 8 106 161 73 30 0 7 143 105 19 0 1 93 187 187 52 13 2 111 201 132 63 94 94 145 205 94 11 0
255 251 198 81 86 156 201 168 164 113 78 19 31 3 11 0 0 0 0 0 3 17 21 15 0 5 59 56 11 7 3 0 37 78 143 143 153 108 66 55 26 1 0 23 127 142 139 70 43 4 8 102 147 114 43 0 5 85 103 80 65 23 0 27 128 112 55 0 0 128 119 68 36 0 3 138 197 110 33 24 51 162 213 225 13 0 57 162 106 33
255 248 255 221 153 136 52 0 0 0 1 4 23 70 90 90 86 73 83 91 42 104 138 44 21 82 110 166 107 92 75 34 26 23 0 0 21 126 127 159 102 85 66 37 0 1 66 110 83 70 70 6 0 77 84 66 25 0 0 79 138 117 80 0 0 52 122 74 19 0 150 172 152 68 0 0 103 167 158 136 5 0 118 225 122 37 0 41 141 157
255 255 210 91 0 0 5 32 41 68 101 98 134 188 206 207 189 115 150 157 138 208 250 20 30 130 57 80 119 109 112 57 96 110 91 42 36 0 0 74 71 114 110 87 83 56 9 0 0 85 98 70 29 0 2 91 91 50 20 0 20 101 175 97 11 0 24 105 104 80 31 57 119 169 70 3 0 36 184 237 113 2 0 103 192 161 10 0 0 172
135 255 154 63 99 128 117 129 97 113 108 94 102 92 82 85 71 14 36 33 109 164 173 93 87 100 72 55 14 1 9 11 61 78 93 76 107 91 81 27 0 0 20 36 83 64 109 97 49 2 1 62 29 91 62 3 57 50 52 6 10 0 66 98 112 78 43 3 78 173 83 3 4 75 100 112 38 0 53 115 179 128 19 2 58 145 125 82 0 45
167 237 214 183 124 119 82 70 41 32 6 0 0 0 0 100 63 55 51 27 14 39 41 67 64 50 52 71 61 106 110 67 0 0 1 25 52 66 80 80 107 69 42 11 0 6 73 71 91 108 38 0 0 66 151 121 31 0 23 25 111 58 0 1 78 152 156 0 0 68 112 111 29 0 22 92 158 104 0 1 53 160 163 24 0 25 112 206 102 0
255 230 109 72 27 13 0 100 1 39 68 74 109 124 149 209 149 105 98 139 145 132 100 48 0 0 0 16 27 55 109 85 100 130 116 64 1 0 11 31 56 36 125 143 100 18 0 0 29 56 83 117 42 11 61 120 135 89 2 10 54 117 108 0 2 50 115 121 20 0 27 57 147 80 0 7 88 210 151 27 0 36 175 171 63 0 15 103 212 95
255 141 10 0 12 72 135 176 92 78 77 63 39 45 54 56 42 27 26 45 52 65 151 22 93 159 125 65 20 2 19 18 36 53 202 107 128 136 118 59 0 0 37 49 81 130 126 37 0 0 23 46 151 174 2 21 46 190 159 11 0 31 65 146 7 24 18 43 127 85 0 0 47 135 106 0 7 73 218 180 70 0 35 98 212 127 0 10 75 197
255 187 27 167 182 183 80 33 21 15 12 8 139 2 50 2 17 22 0 7 0 4 33 116 114 72 59 120 188 191 116 3 0 20 57 19 29 31 86 155 179 149 15 0 10 28 57 124 128 12 0 1 31 174 158 18 1 36 73 151 9 0 6 49 169 181 0 0 28 55 130 42 0 25 176 188 79 25 40 169 215 42 0 9 138 226 153 1 4 45
255 224 194 91 25 20 6 0 0 2 56 134 196 186 187 184 191 195 175 203 194 190 206 232 162 4 4 13 23 70 217 211 200 213 98 8 0 0 7 17 198 184 172 135 8 0 3 14 19 126 117 10 0 16 124 181 71 0 4 18 81 68 0 12 20 154 132 5 0 4 17 162 69 0 18 141 204 3 0 16 79 204 46 0 11 32 236 177 5 1
196 21 5 2 0 0 0 104 105 79 39 22 5 5 5 5 5 6 5 36 48 77 87 151 209 126 86 0 0 1 144 206 46 61 87 185 185 82 0 0 99 5 12 161 194 105 0 0 0 4 88 190 30 0 3 8 162 168 5 0 2 52 172 0 0 4 13 168 0 0 0 41 179 113 0 91 225 181 0 0 2 20 227 119 0 0 83 242 223 0
168 9 6 167 191 182 225 50 0 0 1 4 7 7 8 10 8 6 1 4 3 3 0 0 18 18 101 167 200 131 157 28 8 1 0 0 35 159 136 179 153 9 5 0 38 142 174 121 9 5 0 1 138 185 25 4 0 51 184 32 6 0 3 68 145 8 0 13 176 154 7 0 1 102 196 235 4 132 205 13 1 0 20 229 91 3 0 41 234 158
249 164 113 27 0 1 204 194 25 23 31 77 125 131 161 193 169 118 39 106 90 90 25 22 7 0 0 2 34 177 178 174 167 33 23 7 0 0 0 72 170 169 123 24 2 0 9 65 173 122 20 3 0 53 177 93 19 0 18 181 127 17 0 0 70 154 19 2 1 161 124 18 0 0 150 221 2 0 144 200 41 2 0 93 233 90 0 0 33 211
182 6 0 17 38 46 198 198 172 175 75 67 10 14 27 97 123 77 154 161 184 193 188 188 91 41 41 25 3 6 0 43 85 138 156 72 38 35 18 0 0 23 197 195 38 28 0 0 15 136 141 45 17 0 9 145 149 33 1 3 103 119 35 3 0 18 132 49 1 0 16 126 29 0 2 162 47 1 0 76 195 53 0 0 163 241 43 0 0 87
43 58 52 85 145 160 20 8 41 125 0 0 0 35 15 0 0 0 0 0 12 24 69 151 164 177 202 146 70 80 54 15 0 0 12 93 143 157 120 51 7 0 86 126 91 150 50 39 0 0 14 109 66 41 10 0 84 129 49 7 0 24 122 54 42 3 18 149 48 17 0 16 116 51 0 0 140 58 6 0 102 218 49 0 3 156 191 50 0 1
171 147 203 83 11 14 2 6 86 124 35 35 48 135 97 64 65 54 63 53 62 2 0 12 3 50 116 128 147 148 175 82 58 34 0 0 0 58 132 128 68 69 59 0 13 109 127 119 66 46 0 0 3 103 57 50 0 8 112 73 27 0 3 101 111 75 37 9 106 105 11 0 38 181 71 1 5 156 84 0 1 151 201 80 3 1 84 204 65 0
126 7 145 65 19 24 4 10 22 9 61 60 84 85 102 111 115 98 126 126 185 70 75 101 49 0 34 2 4 5 70 80 114 121 81 72 22 2 0 1 89 129 179 63 6 0 5 37 116 120 83 58 0 0 56 112 45 0 2 97 69 46 0 0 13 135 90 0 1 111 95 54 64 93 213 82 50 36 157 62 0 6 174 235 63 0 3 145 212 76
83 43 84 111 81 82 39 6 1 0 0 0 0 0 0 0 2 6 21 42 97 83 94 103 76 92 144 105 80 18 0 33 18 78 102 92 59 88 77 19 0 11 95 84 90 89 16 0 2 50 111 148 94 5 0 30 57 29 2 0 28 58 82 33 0 22 85 60 5 0 95 145 119 0 114 103 162 0 47 135 50 0 49 123 179 66 0 2 170 214
206 153 153 97 75 75 35 12 14 8 6 57 109 103 100 103 100 0 0 3 3 0 0 3 14 84 94 95 114 64 101 154 96 0 1 3 28 78 122 118 78 4 0 5 76 91 100 101 2 0 7 69 88 98 36 1 0 27 3 67 0 0 93 139 19 0 7 78 88 5 0 74 154 78 1 3 131 89 0 53 130 79 0 1 106 187 80 0 42 224
124 75 64 6 0 0 43 145 147 93 4 38 94 115 66 142 194 110 120 109 122 111 12 86 30 0 1 1 27 31 67 164 185 119 31 0 0 0 34 67 71 121 105 0 0 6 57 82 96 92 0 0 1 62 24 35 96 0 0 45 3 0 12 75 132 17 0 16 55 114 50 2 43 139 62 0 27 140 0 0 61 189 100 0 10 88 191 93 0 76
53 1 93 137 103 126 159 91 65 41 0 0 10 22 0 35 60 52 56 50 57 52 10 88 126 136 124 86 46 0 0 39 58 56 24 110 69 1 0 0 9 60 181 142 117 1 0 7 45 43 0 86 70 1 0 16 51 73 1 0 67 0 0 1 107 135 49 0 0 52 155 16 0 41 96 67 32 41 143 0 3 68 185 121 0 2 75 196 1 0
191 159 122 79 147 115 44 8 20 8 4 50 6 2 0 0 0 0 0 0 0 0 2 15 36 43 76 131 153 130 95 2 0 0 3 35 52 44 115 42 0 1 42 50 167 139 1 0 0 47 0 28 22 43 54 2 2 23 0 7 157 137 2 0 16 89 173 28 0 0 42 91 58 0 21 21 76 1 136 79 0 1 108 214 2 0 4 218 160 11
197 31 18 7 30 150 5 53 182 177 139 155 156 166 158 155 161 121 102 112 87 72 31 3 0 0 7 20 27 49 177 71 106 4 0 0 6 8 32 129 129 8 0 1 25 161 149 1 0 45 70 84 0 8 10 114 16 0 0 1 26 124 87 6 0 10 105 173 112 0 0 17 143 119 3 0 13 0 21 205 62 0 12 180 155 0 0 46 198 193
30 4 2 4 132 112 156 138 100 16 13 13 14 15 25 14 15 11 9 10 8 7 3 0 144 87 6 0 0 2 15 30 131 104 142 12 0 0 1 11 27 147 67 1 0 12 51 114 4 3 6 104 11 0 0 10 26 122 11 0 0 9 32 179 7 0 7 26 184 153 1 0 12 48 170 23 0 0 0 173 219 22 0 13 183 182 0 1 90 223
213 193 157 89 2 1 1 1 0 0 0 0 0 0 0 0 0 0 0 85 116 67 0 0 1 90 129 165 17 0 0 0 1 1 93 152 40 8 0 0 0 1 150 162 9 0 0 1 125 2 0 1 0 140 8 0 0 1 134 8 2 0 0 42 155 4 0 0 11 195 180 2 0 0 56 214 138 0 0 1 201 201 0 0 3 235 34 0 0 150
167 14 0 1 1 12 23 17 50 139 77 7 29 87 61 119 82 12 12 5 1 40 98 16 10 2 0 40 119 158 155 13 7 1 0 0 9 126 112 26 8 0 0 41 160 84 11 0 0 29 33 5 1 0 72 71 11 0 0 88 148 9 0 0 62 180 82 6 0 2 175 114 9 0 0 40 208 113 5 0 35 172 70 4 0 138 223 83 0 0
1 6 16 30 31 153 148 138 144 125 148 79 72 105 131 157 161 149 165 94 42 14 0 19 114 31 13 7 0 0 97 135 104 28 12 2 0 0 43 134 106 22 3 0 5 120 150 23 0 0 9 65 28 3 0 74 138 22 1 0 81 120 10 0 0 54 174 98 3 0 0 161 140 23 1 0 95 194 93 0 0 59 198 78 0 0 116 212 12 0
45 64 109 130 69 21 0 0 0 0 0 4 4 0 0 0 0 4 83 142 184 116 35 9 0 0 67 49 36 11 0 4 77 74 65 38 31 3 0 0 52 116 46 17 0 0 34 109 25 10 0 9 116 49 16 0 24 116 35 18 0 6 57 31 0 0 28 162 54 6 0 21 167 173 38 0 0 73 174 26 0 11 46 223 33 2 1 174 116 24
147 110 61 0 0 0 4 8 7 39 54 69 66 56 43 34 13 9 0 0 101 135 121 76 49 6 0 42 120 51 39 15 0 0 1 83 118 47 32 7 0 0 106 100 45 6 0 0 78 53 36 0 0 113 90 27 0 0 106 102 10 0 11 104 38 0 0 59 131 64 13 0 31 153 162 7 0 0 45 120 60 63 4 147 170 50 0 44 212 145
1 0 0 6 41 13 8 70 70 114 152 144 123 148 146 141 96 85 52 14 4 0 5 103 109 57 58 8 0 31 87 42 33 8 3 0 34 87 79 71 10 0 0 93 105 71 33 0 0 45 115 19 0 0 81 84 38 0 0 94 51 24 0 1 87 44 3 0 2 97 34 45 0 11 103 43 31 0 0 90 218 116 21 5 218 169 0 0 103 191
1 18 80 100 126 36 0 85 86 43 51 28 7 37 80 103 107 104 111 72 77 73 26 0 1 68 92 48 20 3 0 12 51 29 60 33 0 0 14 89 40 43 0 0 7 91 86 51 6 0 57 34 39 1 0 38 81 26 0 0 46 118 22 0 3 108 72 0 0 0 8 77 68 1 2 43 138 2 0 20 213 193 24 0 118 192 55 0 0 78
58 73 103 136 71 18 0 1 0 0 0 0 0 0 0 0 0 0 34 58 81 90 114 47 2 0 2 42 23 46 52 0 0 19 65 94 40 5 0 0 28 51 73 27 0 0 38 61 70 53 0 5 53 60 0 0 24 33 70 0 3 106 59 0 0 45 160 21 0 53 25 7 156 35 0 0 142 97 0 0 100 227 49 0 3 97 171 39 0 0
65 44 10 27 0 0 24 80 88 102 94 93 63 86 73 43 17 69 2 0 1 5 70 79 90 83 46 0 0 35 69 54 17 0 1 47 33 45 38 5 0 2 67 93 69 0 0 2 53 115 24 0 7 60 40 0 0 3 142 8 0 12 37 36 0 0 97 125 0 44 119 0 65 63 80 0 33 135 79 0 6 182 160 8 0 8 193 159 40 0
11 0 0 12 88 92 32 49 53 62 57 56 38 66 82 62 29 81 59 77 27 3 0 24 53 76 80 73 18 0 15 32 77 102 21 0 0 25 23 63 20 0 4 43 54 93 0 0 0 43 104 31 0 6 38 32 0 0 51 92 0 0 5 75 14 0 18 175 0 0 132 60 0 21 112 27 0 54 191 74 0 52 183 85 0 0 62 190 167 1
1 6 53 134 107 39 7 0 0 10 0 0 0 6 16 15 8 17 28 70 126 126 56 0 0 11 22 31 38 80 1 0 28 47 63 91 1 0 0 25 43 61 5 0 5 40 50 35 0 0 44 128 2 0 6 37 49 0 0 43 102 0 0 23 105 1 0 49 3 0 31 147 43 0 27 150 17 41 126 175 4 0 46 162 15 0 0 48 158 56
100 90 51 38 20 0 16 57 88 150 109 121 65 14 3 0 0 0 1 11 32 79 76 79 52 1 0 0 9 29 92 77 10 1 15 40 96 98 20 0 10 21 79 10 0 0 14 74 65 0 2 50 44 5 0 7 20 4 0 2 55 76 0 0 31 31 0 4 114 0 0 53 57 0 0 141 138 45 18 153 72 1 0 91 155 65 0 0 27 69
37 14 6 0 0 0 3 9 26 24 30 68 77 106 103 30 62 29 0 0 0 7 10 13 43 91 117 66 0 1 15 49 100 12 0 2 16 30 80 0 0 1 13 95 64 0 0 10 58 25 0 3 7 78 6 0 1 37 3 0 4 43 70 0 1 16 19 1 89 134 0 3 7 55 0 17 149 67 0 21 118 88 0 9 25 27 134 0 0 9
2 0 0 90 53 0 0 0 1 0 1 3 4 7 7 7 151 157 161 65 18 0 0 0 2 6 8 66 123 60 0 2 6 22 107 23 0 1 9 89 6 0 0 6 35 11 0 0 3 20 113 0 0 7 98 0 0 5 128 1 0 2 72 47 0 1 105 0 5 147 38 0 1 136 34 0 8 179 0 0 16 183 10 0 0 100 201 5 0 0
2 114 163 47 3 0 36 154 151 89 44 2 3 1 1 0 0 0 0 34 103 150 142 33 2 0 0 0 3 117 71 2 1 0 1 20 17 1 0 14 102 100 1 0 0 0 90 5 0 0 14 99 0 0 33 31 0 0 0 128 26 0 0 35 0 0 34 1 0 0 171 1 0 33 25 1 0 72 87 0 0 179 80 1 2 6 113 56 1 0
77 16 1 0 1 4 9 15 13 14 144 136 177 84 43 39 15 10 3 0 0 0 21 75 130 32 11 11 3 0 6 94 72 14 4 0 1 51 11 16 26 65 91 8 0 0 0 62 12 6 0 31 14 0 0 95 22 3 0 0 67 6 4 0 5 0 8 48 0 0 129 63 2 0 24 35 0 4 115 18 0 21 118 67 0 0 5 179 51 4
1 1 0 2 13 41 82 71 0 0 0 91 31 133 137 151 145 98 38 19 16 10 3 0 7 77 106 112 54 11 0 0 73 125 42 14 0 0 37 108 0 0 44 74 23 12 0 0 40 63 10 0 11 3 0 5 136 42 3 0 0 57 47 1 0 0 75 168 21 0 0 140 38 0 0 127 6 0 122 135 0 0 123 166 20 0 0 23 201 71
1 5 0 11 12 9 3 0 0 4 15 4 0 0 0 5 23 11 60 89 82 76 54 26 1 0 0 44 102 65 21 12 15 12 34 67 13 12 6 2 0 0 0 13 108 80 33 0 0 8 54 22 3 1 0 0 24 68 19 18 0 0 34 35 2 0 2 120 122 7 0 15 100 34 0 0 39 0 41 164 30 0 1 109 127 9 0 0 155 210
27 8 0 5 0 16 37 26 45 60 99 64 51 43 13 25 30 8 0 0 15 88 116 95 49 10 0 0 2 33 63 47 19 6 0 0 45 35 21 3 2 0 0 0 4 66 119 38 0 0 22 64 13 14 0 0 0 0 17 53 21 0 1 92 42 13 0 3 65 76 2 0 15 126 19 1 28 0 0 63 150 5 0 46 108 77 6 0 39 142
104 58 60 44 50 97 136 54 91 102 119 115 143 132 96 120 129 79 40 9 1 0 0 38 93 34 30 42 19 0 0 23 33 25 31 10 26 1 6 6 6 10 34 0 0 0 43 83 17 1 0 0 11 30 11 0 0 16 6 0 43 12 0 2 76 71 11 0 11 136 20 2 0 53 56 72 4 0 0 40 189 84 2 0 36 158 85 3 0 9
74 62 86 48 72 93 88 3 1 1 11 10 57 66 108 106 98 90 58 16 21 48 12 6 1 21 43 68 96 53 10 0 0 18 47 44 72 64 0 0 2 15 88 41 0 0 0 9 42 60 0 0 0 1 25 14 0 24 56 7 0 51 25 0 5 97 72 0 0 36 40 17 0 0 25 156 25 6 0 0 94 191 21 0 0 83 134 75 5 0
1 0 0 0 0 0 0 0 0 0 0 0 0 0 8 6 0 0 1 3 21 51 34 90 59 0 0 8 73 64 82 37 0 0 3 30 78 116 77 0 0 0 41 60 59 0 0 0 19 78 0 0 0 0 22 91 1 0 49 14 0 54 122 0 0 32 125 42 0 0 17 38 54 0 0 57 111 86 0 0 2 120 108 43 0 0 30 166 65 0
1 26 58 35 72 33 1 65 119 33 4 99 89 46 4 0 0 4 37 29 0 1 17 64 63 96 33 0 0 6 55 57 94 102 39 0 3 38 103 87 0 0 0 13 53 48 0 0 1 13 46 57 0 0 10 61 79 7 0 5 0 14 138 65 0 0 164 114 0 0 0 35 131 25 0 0 73 186 0 0 0 25 157 136 13 0 0 145 154 14
45 87 132 124 119 18 1 131 194 130 88 61 162 142 131 110 5 2 20 45 52 63 34 0 10 55 112 107 60 0 0 16 56 153 140 30 0 0 25 53 54 76 0 0 4 26 90 13 1 0 25 65 92 0 0 2 53 35 97 0 0 0 55 142 8 0 75 70 34 0 0 11 60 43 0 0 2 186 131 3 0 0 49 120 109 0 1 41 124 134
