255 255 255 255 255 255 255 255 255 255 255 255 255 255 255 255 255 255 255 255 255 255 255 255 255 255 255 255 255 255 255 255 255 255 255 255 255 255 255 255 255 255 255 255 255 255 255 255 255 255 255 255 255 255 255 255 255 255 255 255 255 255 255 255 255 255 255 255 255 255 255 255 255 255 255 255 255 255 255 255 255 255 255 255 255 255 255 255 255 255
255 255 255 255 255 255 255 255 255 255 255 255 255 255 255 255 255 255 255 255 255 255 255 255 255 254 255 255 255 255 255 255 249 245 255 255 255 255 254 250 254 255 255 255 255 255 255 255 254 252 245 249 251 255 251 255 254 246 253 248 248 255 255 255 255 255 255 255 255 255 255 255 255 255 255 255 255 255 255 255 255 255 255 255 255 255 255 255 255 255
255 255 255 255 255 255 255 255 255 255 255 255 255 255 255 255 255 255 255 255 255 255 255 254 238 246 255 255 255 255 255 242 233 229 255 255 248 244 253 241 251 255 255 252 238 229 237 244 250 248 230 239 244 255 247 255 253 231 251 233 236 254 251 250 246 254 254 254 255 255 255 255 255 255 255 255 255 255 255 255 255 255 255 255 255 255 255 255 255 255
255 255 255 255 255 255 255 255 255 255 255 255 255 255 255 255 255 253 255 254 255 255 242 235 210 244 255 255 255 232 236 227 242 255 235 228 221 235 255 255 255 252 222 216 205 207 222 234 248 255 255 255 255 255 255 255 255 255 255 249 252 255 248 245 238 254 239 234 242 254 255 255 255 255 255 255 255 255 255 255 255 255 255 255 255 255 255 255 255 255
255 255 255 255 255 255 255 255 255 255 255 255 255 255 255 255 251 253 255 255 253 216 210 231 237 254 255 223 230 217 230 249 253 193 164 218 228 255 252 221 198 221 197 211 231 254 251 248 241 226 214 194 199 205 197 198 216 227 233 218 233 250 255 255 255 255 237 230 234 253 244 231 253 255 255 255 255 255 255 255 255 255 255 255 255 255 255 255 255 255
255 255 255 255 255 255 255 255 255 255 255 255 255 255 255 255 251 255 255 251 208 204 228 255 255 227 198 171 231 247 255 233 168 165 193 253 255 213 182 222 194 226 242 255 253 171 168 169 159 158 143 160 192 190 199 200 218 228 234 208 217 211 192 188 190 191 250 255 251 255 244 232 253 255 255 255 255 255 255 255 255 255 255 255 255 255 255 255 255 255
255 255 255 255 255 255 255 255 255 255 255 255 255 255 255 255 255 255 252 189 213 246 255 216 154 130 178 218 255 255 237 153 169 233 255 194 126 120 190 255 250 241 206 165 145 120 164 191 198 207 204 230 248 243 254 255 255 255 255 247 244 227 211 209 166 135 180 197 222 255 255 255 255 255 253 254 255 255 255 255 255 255 255 255 255 255 255 255 255 255
255 255 255 255 255 255 255 255 255 255 255 255 255 255 255 255 255 250 188 212 249 255 188 100 84 146 236 255 242 223 236 212 242 255 127 65 103 203 247 254 210 84 70 161 201 217 239 251 255 255 255 251 193 221 195 206 124 173 211 238 240 244 255 255 233 218 219 226 188 190 190 246 254 255 254 255 255 255 255 255 255 255 255 255 255 255 255 255 255 255
255 255 255 255 255 255 255 255 255 255 255 255 255 255 255 253 175 168 232 251 255 155 81 158 214 236 255 190 157 236 251 255 199 136 76 192 225 255 209 141 63 170 194 238 255 255 203 154 115 121 127 152 109 243 216 238 168 175 128 166 82 69 100 206 248 254 255 255 238 233 230 183 165 181 253 255 255 255 255 255 255 255 255 255 255 255 255 255 255 255
255 255 255 255 255 255 255 255 255 255 255 255 255 255 241 148 163 237 255 255 199 110 223 244 255 255 192 110 235 253 255 196 109 204 226 253 247 120 86 205 218 249 254 204 50 147 123 136 153 81 185 233 229 255 251 255 246 244 231 237 219 137 174 151 99 70 106 218 255 255 254 240 190 123 146 241 255 255 255 255 255 255 255 255 255 255 255 255 255 255
255 255 255 255 255 255 255 255 255 255 255 255 255 221 122 205 247 255 246 84 104 242 255 255 212 68 91 241 255 239 216 125 236 252 255 81 45 207 238 252 255 202 86 163 233 243 242 237 247 239 250 255 243 196 198 155 203 222 214 254 249 246 250 245 239 204 102 48 65 197 255 255 250 243 221 158 175 254 255 255 255 255 255 255 255 255 255 255 255 255
255 255 255 255 255 255 255 255 255 255 255 255 171 106 206 254 255 240 43 154 253 255 254 134 42 125 252 255 200 4 79 253 255 204 158 131 244 254 254 147 44 95 242 254 255 235 43 244 255 255 146 20 116 4 100 5 42 49 23 14 17 28 216 246 249 254 253 252 185 148 196 133 217 255 255 253 158 175 205 255 255 255 255 255 255 255 255 255 255 255
255 255 255 255 255 255 255 255 255 255 255 250 182 255 255 245 88 76 113 255 249 240 95 64 159 255 249 161 45 198 255 248 118 18 215 255 248 71 15 114 251 250 240 249 203 148 254 241 252 171 158 48 221 243 252 248 253 254 255 249 165 147 38 6 10 97 202 243 253 255 255 150 24 102 220 247 255 190 135 216 251 255 255 255 255 255 255 255 255 255
255 255 255 255 255 255 255 255 255 255 255 255 255 255 232 90 83 241 255 228 139 69 105 255 253 229 148 48 235 254 229 121 68 255 254 222 145 151 255 253 221 150 32 168 254 224 205 29 210 228 255 252 240 225 173 174 195 226 223 223 228 238 254 128 72 40 39 50 196 239 255 255 132 70 63 106 229 253 255 255 198 244 255 255 255 255 255 255 255 255
255 255 255 255 255 255 255 255 255 255 255 255 254 220 78 101 255 254 212 42 57 148 255 255 234 94 156 255 252 198 61 80 255 231 202 53 178 246 238 196 24 62 235 213 201 36 67 202 250 243 249 182 114 53 49 95 53 128 49 35 46 100 245 254 237 253 214 73 47 155 207 221 252 255 245 82 119 226 233 254 245 197 252 249 255 255 255 255 255 255
255 255 255 255 255 255 255 255 255 255 255 221 200 95 129 249 251 183 56 83 208 255 204 209 221 236 255 249 174 61 127 254 197 125 95 248 227 153 160 82 156 251 215 50 64 139 255 214 168 146 201 64 87 181 245 255 255 255 225 172 106 81 222 250 152 182 212 250 239 255 49 67 182 204 255 255 255 190 148 203 245 255 245 233 255 255 255 255 255 255
255 255 255 255 255 255 255 255 255 255 238 108 103 172 255 225 160 73 147 251 216 169 85 145 255 241 176 154 4 226 255 180 36 150 255 209 101 71 173 254 194 166 148 121 225 224 183 73 71 97 176 239 255 189 198 174 166 166 163 177 226 251 255 254 163 81 82 157 189 254 174 84 20 48 200 255 198 236 187 129 165 210 253 255 255 255 255 255 255 255
255 255 255 255 255 255 255 255 255 255 206 145 212 253 172 100 87 221 255 173 96 92 175 254 197 134 67 6 113 253 156 69 118 254 166 105 107 224 228 154 66 113 232 209 147 103 107 114 225 235 227 174 255 55 133 82 69 92 72 76 184 149 167 185 247 231 135 50 39 147 227 233 111 38 58 254 106 124 182 239 143 122 186 247 255 255 255 255 255 255
255 255 255 255 255 255 255 255 255 250 229 255 255 144 78 127 225 254 224 155 141 229 229 139 131 137 131 25 253 206 35 180 252 136 66 166 254 174 97 55 150 255 184 74 50 133 221 240 137 105 112 108 255 145 221 207 209 236 212 194 227 136 100 54 120 158 247 183 105 0 95 217 252 168 42 130 188 136 104 165 219 185 160 196 255 255 255 255 255 255
255 255 255 255 255 255 255 255 255 251 249 175 234 154 187 254 223 113 191 254 255 187 89 139 208 189 97 165 233 79 166 254 139 48 183 255 144 52 124 185 255 255 106 129 189 254 120 97 7 40 157 211 183 125 111 122 138 114 113 235 146 221 211 130 143 139 104 145 237 140 17 77 157 255 180 146 192 150 200 169 103 156 238 211 255 255 255 255 255 255
255 255 255 255 255 255 255 255 255 249 108 47 216 251 255 134 77 156 231 231 113 88 164 246 135 110 185 253 105 170 246 97 64 189 197 95 75 171 242 198 131 246 200 245 224 107 6 87 159 188 253 245 58 126 126 168 181 166 161 242 123 84 254 111 217 232 120 22 115 234 174 115 47 95 205 255 195 29 104 249 155 91 101 220 255 255 255 255 255 255
255 255 255 255 255 255 255 255 246 129 33 176 243 253 86 29 176 251 226 63 80 199 251 94 145 209 210 145 194 254 70 96 202 231 47 91 206 253 121 48 186 251 255 115 59 91 180 221 253 253 251 251 187 234 230 254 217 239 249 255 226 179 254 71 56 96 204 148 84 65 88 231 189 81 68 216 245 183 174 232 245 209 57 77 186 255 255 255 255 255
255 255 252 255 255 255 255 255 221 65 204 252 145 55 113 203 252 218 84 133 222 255 57 72 238 249 42 144 255 80 86 228 190 47 169 227 197 58 32 190 251 130 55 20 185 226 254 153 71 54 53 54 58 54 52 75 69 54 53 112 97 115 249 217 174 99 45 88 222 167 114 254 255 224 206 149 120 243 251 248 184 82 185 167 217 219 255 255 255 255
255 240 254 255 255 255 255 255 249 228 254 226 16 139 239 255 151 29 104 243 245 49 31 231 236 49 193 241 79 77 234 239 24 182 249 150 26 159 222 250 54 14 138 220 240 96 36 18 3 106 199 210 220 219 214 212 207 212 145 229 88 11 36 71 224 235 195 13 46 170 239 156 43 45 248 238 224 58 145 255 240 182 50 213 252 248 255 255 255 255
255 254 255 255 255 255 255 255 255 255 208 15 100 247 255 143 9 140 245 255 52 5 235 230 22 145 253 96 15 242 222 17 156 252 100 9 89 250 247 25 3 204 248 151 16 5 39 227 238 246 253 254 255 255 161 208 254 254 249 255 244 233 144 3 15 78 251 238 155 11 24 178 237 184 58 40 253 231 64 39 168 251 70 27 205 255 255 255 255 255
255 255 255 255 255 255 255 255 255 203 1 161 255 254 62 1 243 255 254 13 4 244 241 1 124 254 18 3 254 253 4 162 254 54 13 234 255 252 10 3 237 255 100 1 100 250 223 14 208 141 44 14 8 1 1 1 1 0 8 177 208 216 254 251 156 51 2 136 247 226 148 61 186 254 236 2 12 239 250 58 47 158 254 76 34 254 254 255 255 255
255 255 255 255 255 255 255 255 237 255 242 255 235 62 8 172 255 232 4 20 246 242 10 120 244 73 18 166 240 1 188 248 120 1 174 244 197 3 97 217 236 181 17 212 237 61 18 142 0 5 19 78 229 247 248 233 204 92 105 20 87 19 1 136 230 248 235 43 15 197 241 164 106 67 240 245 126 16 27 247 255 21 91 253 242 15 115 254 255 255
255 255 255 255 255 255 255 226 45 253 255 228 2 29 121 252 218 4 38 248 217 118 119 239 99 11 231 224 95 37 254 140 5 47 252 95 19 58 163 150 14 37 223 214 19 38 208 30 26 98 246 244 218 217 183 99 252 242 231 255 229 232 38 38 3 141 217 219 139 35 76 218 239 110 67 149 228 216 30 133 217 238 109 200 225 168 47 249 249 255
255 255 255 255 255 255 255 105 195 251 199 81 56 204 238 180 6 61 253 185 10 215 249 118 28 114 209 41 51 249 198 6 85 251 192 0 134 255 156 5 50 246 199 75 57 224 62 42 193 230 194 165 65 57 47 75 201 147 74 199 66 127 200 240 70 19 3 21 196 228 60 33 113 183 119 55 74 248 210 54 2 148 236 67 45 233 255 255 216 255
255 255 255 255 255 255 255 248 255 167 5 83 251 230 126 14 76 250 179 7 98 254 237 61 150 207 34 56 236 183 1 85 254 182 11 75 254 191 4 72 218 173 31 218 192 94 67 208 243 102 26 141 243 207 149 180 64 0 0 5 43 60 8 143 164 129 75 0 0 147 215 113 62 13 173 243 123 158 175 236 74 1 122 220 80 162 236 255 231 255
255 255 255 255 255 255 255 255 179 0 98 254 177 107 9 122 244 151 0 103 247 158 161 225 217 60 54 213 161 7 93 253 169 6 98 253 169 69 94 203 135 61 154 167 31 18 237 255 136 46 66 158 144 60 4 36 94 94 94 23 99 127 83 81 1 146 206 94 0 0 79 180 222 93 6 156 159 97 1 141 185 95 20 120 248 201 120 208 255 255
255 255 255 255 255 255 255 175 29 102 255 150 25 4 124 246 128 0 109 248 131 0 104 244 86 19 195 219 0 104 253 165 13 62 232 147 13 181 191 76 49 203 148 9 41 139 254 144 1 71 22 71 112 113 113 167 253 243 208 147 109 0 124 132 112 68 69 144 91 35 0 30 143 241 88 14 20 172 112 4 43 170 143 113 254 254 46 72 255 255
255 255 255 255 255 255 255 73 121 241 227 10 43 135 227 114 2 131 249 139 0 86 240 112 69 152 243 84 50 245 170 25 8 196 122 6 128 168 54 69 185 134 6 42 176 202 122 2 132 133 139 208 226 168 149 124 122 110 72 168 236 53 0 11 156 205 91 2 100 40 13 0 7 118 209 133 9 35 175 135 6 31 166 255 243 122 160 132 255 255
255 255 255 255 255 255 255 180 246 139 83 38 184 225 83 0 136 253 103 17 112 214 116 0 185 228 95 14 190 221 37 45 156 137 0 132 190 36 49 205 115 9 43 183 216 63 0 121 255 239 160 104 82 35 21 4 34 40 1 37 146 123 106 0 27 105 218 105 4 2 66 145 5 0 97 230 149 1 41 124 137 79 34 194 246 1 87 225 255 255
255 255 255 255 255 255 255 255 119 21 21 190 248 69 0 157 245 120 11 123 233 95 10 161 230 71 13 177 240 67 60 195 175 20 141 222 51 52 182 144 6 40 193 190 64 0 165 238 199 77 32 0 11 124 169 171 188 192 169 152 27 46 153 158 116 109 84 61 157 22 32 158 167 83 0 73 226 139 13 11 80 197 34 51 162 162 0 69 248 255
255 255 255 255 255 255 255 101 19 72 195 253 65 0 177 250 155 27 189 143 236 5 118 250 62 0 183 252 62 0 209 222 36 152 242 66 9 207 116 23 33 203 101 42 5 183 251 171 45 0 54 184 192 236 249 212 159 116 228 248 184 29 37 66 214 231 36 0 63 190 162 35 79 221 111 0 58 57 114 7 2 106 182 5 30 234 89 0 139 255
255 255 255 255 255 255 255 11 131 225 197 59 0 173 250 97 25 194 244 50 44 120 230 65 0 119 253 58 0 168 246 41 63 246 125 2 203 146 14 6 214 162 9 22 202 204 49 27 0 18 219 252 199 52 48 38 24 13 42 53 141 206 34 1 44 193 163 44 8 75 236 149 3 122 228 107 0 0 181 206 168 78 247 125 0 48 229 113 20 254
255 255 255 255 255 255 255 225 243 171 22 4 207 234 44 9 196 247 35 4 77 242 200 3 11 242 167 1 70 246 48 0 192 205 11 162 234 14 69 224 241 17 4 220 183 23 0 4 179 221 138 30 22 0 0 21 87 6 123 4 14 45 177 94 0 21 47 208 188 69 29 140 74 27 33 224 100 0 23 92 249 212 254 236 154 1 136 241 126 199
255 255 255 255 255 255 255 255 115 8 3 217 250 21 3 221 248 12 0 71 247 245 17 16 231 175 7 10 246 54 1 174 206 9 23 250 42 0 216 174 11 0 228 154 8 0 46 238 227 22 6 0 0 63 221 244 248 241 250 231 85 1 9 169 218 65 1 50 253 246 7 6 132 238 0 11 184 143 0 3 244 254 198 12 159 114 32 250 250 252
255 255 255 255 255 255 255 151 1 13 238 246 41 68 250 236 0 8 180 255 246 3 13 255 244 19 3 214 152 0 76 245 14 1 233 36 0 57 241 0 3 226 154 0 5 207 247 184 0 1 8 92 250 253 247 218 133 7 200 245 251 148 7 1 0 234 55 81 204 225 61 3 0 220 239 103 1 216 206 27 0 218 255 9 0 254 224 4 254 255
255 255 255 255 255 255 255 12 69 251 184 1 23 247 176 34 35 242 136 255 79 6 236 245 7 3 126 232 0 18 232 135 0 70 196 0 19 226 129 0 95 146 0 12 197 202 23 0 14 69 239 195 217 150 0 4 3 9 0 0 113 172 198 48 8 28 195 252 18 0 215 112 40 0 174 217 41 77 193 250 20 59 251 183 20 196 255 163 206 255
254 255 255 255 254 255 255 146 252 211 21 56 230 176 3 61 221 106 32 236 0 89 253 127 0 66 232 84 12 185 123 0 23 184 6 4 201 110 2 28 221 1 5 116 179 3 0 31 154 223 177 24 2 11 41 71 67 117 45 40 31 6 128 200 91 41 19 228 160 8 76 205 216 8 12 197 165 13 1 217 213 4 185 254 208 48 220 255 129 255
253 255 255 255 255 255 255 255 192 35 77 243 161 1 72 234 108 36 193 113 13 241 190 0 34 238 108 2 112 201 6 25 140 73 1 78 196 0 1 157 79 0 72 147 0 1 52 184 182 62 0 17 67 104 206 195 222 245 254 198 155 80 39 24 100 193 140 215 185 92 0 42 168 92 16 12 169 99 0 25 253 63 20 201 254 13 39 255 255 255
254 255 255 255 255 254 255 255 39 131 219 147 0 82 246 121 39 181 162 8 102 242 12 10 177 184 0 60 237 42 13 147 106 0 55 240 29 0 64 133 0 7 154 0 0 65 187 133 8 0 31 121 185 158 67 50 82 147 235 64 54 173 180 8 0 40 189 105 7 201 23 0 182 164 53 33 0 151 56 1 245 209 5 33 225 90 2 233 255 255
255 255 255 255 255 254 253 255 109 253 127 7 96 251 159 39 174 206 30 89 228 139 2 115 239 44 46 204 124 0 116 193 0 6 194 148 0 35 189 7 0 98 27 7 48 120 80 0 17 87 141 139 35 0 0 8 0 0 118 89 8 22 143 103 31 0 36 125 0 86 117 0 100 3 18 28 0 54 127 99 178 149 83 0 112 203 86 213 255 255
255 255 255 255 255 255 253 255 255 227 23 61 247 143 21 170 236 72 84 241 217 10 66 248 118 0 172 166 0 20 236 66 0 103 170 6 2 155 104 0 27 165 0 36 67 0 0 9 102 208 117 0 36 90 103 128 113 63 0 147 95 27 7 123 148 29 0 79 72 0 177 16 35 51 4 48 82 0 26 242 139 4 149 63 16 242 237 255 255 255
255 255 255 252 255 255 255 251 224 90 86 181 130 10 142 248 113 1 220 231 80 34 199 189 3 46 224 31 7 149 137 2 24 199 38 3 100 148 3 15 147 61 0 27 2 40 97 91 99 88 5 62 84 198 135 171 220 198 9 29 99 155 60 2 123 155 54 4 170 58 76 95 0 70 3 10 171 0 0 118 228 6 49 197 32 166 255 254 255 255
255 255 255 253 255 255 255 252 161 122 206 161 12 124 241 153 10 134 254 95 0 161 224 53 7 179 136 0 129 160 18 0 153 95 0 143 205 30 0 129 157 9 0 60 129 154 81 60 15 0 0 45 36 79 23 40 79 173 67 0 10 148 190 0 13 126 189 0 79 191 1 177 75 18 129 2 65 89 0 8 233 39 0 147 158 177 255 254 255 255
255 255 255 255 255 255 255 255 211 229 97 35 55 237 112 30 103 229 111 7 128 139 65 0 145 226 27 92 218 34 0 86 183 10 14 223 70 0 104 190 36 0 0 180 109 65 5 0 0 46 80 0 0 5 102 0 1 39 56 143 20 29 196 153 4 18 236 111 4 215 17 63 183 0 85 85 0 108 4 23 73 178 4 34 242 243 255 255 237 255
255 255 255 255 255 255 255 254 251 97 8 57 212 178 13 63 228 211 11 75 235 83 0 39 243 80 3 216 171 0 0 211 55 2 183 71 0 48 214 61 0 0 152 212 15 0 0 46 162 180 172 85 132 173 218 136 0 0 9 114 158 0 58 222 112 0 113 229 20 50 168 0 132 12 7 165 0 22 126 10 1 208 19 3 161 255 255 255 249 255
255 255 255 255 255 255 255 255 188 9 41 224 255 31 44 206 255 36 40 193 131 13 7 211 194 6 58 212 28 0 146 164 3 40 245 4 0 195 93 3 0 86 193 37 0 12 186 188 92 42 32 19 30 44 91 210 140 0 0 14 224 84 3 41 205 0 14 219 124 0 225 8 18 62 0 31 148 0 35 62 0 104 185 0 57 254 255 255 255 255
255 254 255 255 255 255 255 255 52 38 229 249 61 1 226 236 109 0 171 243 23 0 147 253 25 0 214 39 0 59 231 40 0 174 143 0 16 192 6 0 34 213 40 0 2 170 209 24 7 1 2 10 0 1 6 24 201 101 0 0 179 43 0 0 212 33 0 183 210 0 55 148 0 132 66 0 176 0 1 31 3 8 44 66 7 190 255 255 255 255
255 255 255 255 255 255 255 255 51 207 251 57 1 120 255 94 2 13 242 41 0 31 243 198 0 200 217 1 0 197 108 1 78 217 3 0 207 29 0 0 200 132 1 0 181 209 5 0 0 4 206 182 17 1 0 0 13 215 30 0 37 171 0 0 169 177 0 22 233 2 1 195 9 33 101 0 39 56 0 25 161 0 60 229 0 13 255 255 253 249
255 255 255 255 255 255 255 255 240 251 66 10 194 254 212 0 7 231 232 0 78 245 195 0 53 232 23 5 146 243 0 0 217 85 0 67 195 0 0 36 197 0 5 99 137 0 0 6 177 203 135 69 0 178 63 2 0 46 223 2 0 194 1 0 28 215 0 2 20 42 0 111 174 0 200 16 9 187 4 2 212 1 0 160 122 0 163 253 255 254
255 255 255 254 250 255 255 255 255 193 22 195 223 254 214 0 144 247 117 0 226 227 9 10 213 152 3 120 179 198 0 5 223 25 1 233 70 0 0 204 92 0 97 160 0 1 23 120 36 0 0 0 0 0 211 64 0 2 221 51 0 147 32 0 7 215 0 51 0 203 22 0 217 14 27 196 36 85 100 0 160 25 0 123 236 21 41 255 255 255
255 254 255 252 255 255 255 255 239 29 146 97 2 231 113 0 172 234 2 32 241 102 3 116 179 6 61 195 2 176 1 59 139 0 9 241 40 0 36 204 0 5 73 3 1 35 160 4 13 0 4 31 24 0 105 214 19 0 130 201 1 26 130 0 58 226 0 89 0 42 166 0 112 122 0 169 142 0 215 0 2 140 28 2 231 193 244 255 255 255
255 255 255 255 255 255 255 255 194 134 247 0 50 178 0 21 243 134 0 190 204 0 51 237 66 35 212 65 23 145 2 155 116 0 69 177 2 0 174 99 0 18 0 15 30 110 6 0 69 0 27 119 124 8 7 207 134 0 1 215 9 0 145 0 37 217 0 144 40 0 193 7 1 177 45 8 186 0 145 44 0 192 171 0 118 255 255 240 255 248
255 255 255 245 255 255 255 255 254 255 222 5 206 163 0 107 230 3 75 252 107 0 170 162 1 160 136 3 113 27 30 209 26 50 209 42 0 55 126 0 0 38 62 71 67 0 0 71 48 0 90 5 85 45 0 95 237 71 0 192 30 0 187 0 1 210 0 86 169 0 162 88 0 220 179 0 183 26 0 173 0 68 237 67 4 226 254 217 255 238
255 255 255 238 255 255 255 221 255 249 112 106 249 45 0 194 158 4 230 182 8 47 199 20 48 205 9 64 197 1 127 176 0 181 176 0 0 184 35 0 0 76 135 59 0 14 20 191 0 0 182 0 2 125 0 4 230 159 0 172 42 0 180 11 0 212 0 52 193 0 31 148 5 170 208 0 91 82 4 181 51 0 154 217 0 107 255 240 255 255
255 255 254 255 243 255 248 199 255 237 12 232 247 12 18 233 51 54 240 44 13 177 90 0 165 129 0 74 84 0 179 57 22 224 65 0 67 187 4 0 37 50 35 0 13 86 25 104 0 1 179 0 0 160 0 0 211 46 0 158 54 0 110 23 0 203 0 7 186 0 4 63 7 60 234 26 14 160 41 90 154 0 30 234 102 8 248 236 255 255
255 255 254 255 244 255 249 220 255 244 151 200 188 0 85 200 0 175 212 0 68 240 1 78 224 26 51 88 1 0 196 0 65 193 0 0 187 92 0 0 150 36 0 0 74 63 0 95 0 31 145 0 0 77 0 0 208 2 0 146 29 0 43 35 0 172 1 0 197 83 0 144 40 88 236 147 1 196 150 0 184 116 0 136 161 0 241 255 255 255
255 255 239 251 255 255 255 231 240 200 252 210 55 0 183 78 25 223 86 0 168 88 8 188 109 0 158 57 0 136 105 0 157 64 0 0 222 14 0 108 87 1 0 43 42 0 0 178 30 77 111 0 0 39 0 0 209 1 0 127 18 0 98 17 0 180 58 0 182 146 0 188 109 51 134 206 0 132 169 4 157 221 21 26 103 3 233 255 235 255
255 244 248 253 255 255 255 251 248 214 212 163 0 148 113 7 143 172 7 28 223 0 118 220 11 37 178 0 4 227 16 14 199 0 0 122 78 0 0 185 5 0 0 118 0 0 0 210 14 98 113 0 20 135 0 1 208 0 0 142 4 0 134 0 0 165 41 0 161 197 1 76 171 0 23 215 0 34 210 61 42 192 178 1 31 173 203 255 246 255
255 251 216 249 255 255 255 254 255 249 212 30 40 231 15 0 222 50 0 134 168 2 203 59 0 162 111 0 48 207 1 7 199 0 61 185 4 0 113 146 0 0 97 37 0 0 76 112 0 159 41 0 95 128 0 26 188 0 0 184 0 0 154 0 0 197 5 0 189 223 2 7 218 83 0 224 102 0 223 141 0 39 226 46 1 242 241 249 255 252
255 245 247 254 255 255 255 241 249 255 164 2 212 200 38 49 229 3 8 192 23 30 221 2 65 219 65 0 150 118 0 155 94 0 176 74 0 25 172 50 0 3 168 1 0 7 191 13 0 174 3 0 181 106 0 79 171 0 0 152 0 0 168 0 0 212 0 65 85 34 28 0 192 126 0 198 72 0 165 189 49 0 107 185 106 234 244 254 255 254
252 254 255 238 252 255 255 252 254 252 12 59 222 20 4 121 104 0 168 77 0 108 203 0 199 192 5 8 167 8 1 204 6 11 157 8 0 81 190 3 0 138 55 0 0 96 159 0 55 189 0 0 215 38 0 204 13 0 0 131 0 0 166 0 0 205 1 44 10 0 69 0 89 120 0 129 138 0 89 15 113 16 7 229 242 253 248 249 233 255
255 255 253 216 255 255 252 250 249 208 3 239 194 0 105 213 1 0 202 14 23 180 8 0 228 9 0 67 128 0 19 91 0 62 143 0 0 164 1 0 4 162 0 0 21 198 2 0 150 21 0 37 206 0 56 211 0 0 0 46 0 0 161 0 0 214 0 18 97 0 198 0 66 195 0 1 130 0 64 0 1 160 0 74 232 174 251 254 183 255
255 253 240 252 255 244 224 254 209 211 231 245 62 1 227 121 0 34 59 2 91 113 0 182 199 2 0 172 0 1 231 78 4 213 0 0 21 160 0 0 153 77 0 1 112 96 0 35 169 0 0 84 21 1 174 151 0 0 0 89 0 0 56 0 0 205 0 46 182 0 193 14 8 194 0 0 190 0 58 17 0 0 12 0 225 179 240 228 255 255
255 253 236 255 255 248 242 253 242 255 254 212 2 35 210 15 10 192 5 48 205 25 17 210 96 0 21 198 22 46 217 79 71 203 0 0 160 76 0 18 177 0 0 32 169 0 0 167 40 0 16 144 0 31 133 12 21 0 2 171 0 3 76 0 5 199 0 63 185 0 203 31 47 220 0 0 224 15 7 159 0 0 184 1 191 245 164 254 255 254
243 243 253 255 253 223 252 248 237 255 247 138 35 169 213 0 77 135 0 188 163 0 96 193 13 4 133 163 120 208 149 55 144 122 0 29 193 0 3 118 108 0 25 182 46 0 13 195 0 4 135 130 0 159 74 0 135 0 30 145 0 34 66 0 43 203 0 75 180 0 205 6 1 219 29 0 195 66 0 194 29 0 217 5 180 254 240 246 253 248
216 248 246 252 251 233 247 239 248 252 247 212 176 234 207 0 156 0 12 194 34 1 143 151 0 55 192 11 33 207 42 51 132 38 1 138 101 0 50 164 0 0 140 176 0 23 103 169 0 44 224 10 0 198 18 0 174 0 152 45 0 90 48 0 103 181 0 109 163 0 190 21 19 221 162 1 146 97 0 119 128 0 203 84 106 239 246 240 255 245
253 255 244 247 252 254 241 224 238 248 251 226 221 241 207 17 169 30 100 186 0 58 178 65 1 157 145 0 105 185 1 68 37 0 42 146 11 14 129 60 0 55 204 83 0 106 198 95 0 115 195 0 61 150 0 11 97 0 187 38 0 131 133 0 183 165 0 164 208 1 200 44 114 197 219 10 58 170 0 45 141 0 119 226 0 215 241 235 253 249
241 251 245 234 246 254 253 231 252 254 250 242 246 236 143 40 116 143 205 95 22 181 199 0 57 173 34 0 192 96 0 105 82 0 130 139 0 78 87 0 22 181 183 26 0 161 186 27 0 150 85 0 174 47 1 99 0 0 192 36 0 184 97 1 190 183 0 167 144 1 164 112 181 92 216 38 23 189 0 31 188 0 34 201 0 217 237 241 243 251
208 249 240 225 235 253 251 243 253 253 252 244 229 232 25 19 118 206 105 0 100 211 106 0 150 170 0 9 198 6 25 183 41 6 165 66 0 103 32 0 114 209 68 1 61 199 92 0 31 123 0 24 159 0 31 172 0 2 191 11 0 198 39 1 198 119 0 165 40 7 159 145 173 71 164 91 17 186 4 13 208 11 0 183 0 163 247 233 239 250
208 253 232 240 245 255 254 253 247 245 242 240 189 156 1 23 205 178 4 53 181 175 15 0 189 106 0 68 201 1 115 123 0 30 134 5 25 103 0 14 188 105 0 59 178 191 0 0 124 35 0 83 101 23 142 120 0 11 162 0 6 208 37 0 200 23 1 183 6 66 117 81 195 76 103 58 1 191 3 3 192 71 0 185 43 117 249 229 247 254
243 255 221 245 252 252 254 243 232 230 219 211 216 112 39 112 219 99 1 117 196 132 0 83 211 24 0 162 160 0 170 24 1 110 36 0 108 61 0 77 132 12 0 149 213 59 0 5 188 3 1 86 29 24 207 66 0 101 86 0 44 163 13 3 149 0 5 153 0 111 19 0 123 12 159 10 0 191 1 0 186 155 0 197 167 164 226 246 249 250
255 242 223 226 247 230 252 230 245 225 216 211 244 77 116 187 204 17 1 190 159 37 0 166 136 1 42 199 50 0 58 0 70 103 0 44 156 8 0 129 27 0 0 189 88 0 0 119 196 0 36 95 1 4 190 14 0 158 18 0 120 40 0 38 42 0 58 125 0 132 1 0 85 50 177 101 0 183 44 90 198 171 0 192 220 222 226 238 251 245
238 249 249 231 252 244 254 205 239 242 223 240 240 26 200 208 130 0 23 206 134 1 10 196 37 0 157 203 3 0 3 57 154 19 1 135 58 0 64 75 0 0 96 128 9 0 55 170 52 0 146 21 0 9 91 0 23 165 1 1 152 1 0 92 5 0 121 30 0 141 0 76 95 14 56 187 0 175 98 25 180 52 0 128 203 227 217 224 253 243
203 246 209 223 238 254 243 218 246 241 218 231 224 105 226 211 15 0 137 197 74 0 137 174 2 0 188 126 0 0 73 101 62 0 85 149 4 27 126 8 0 20 156 15 0 0 111 41 2 6 189 0 0 45 17 0 64 32 0 3 72 0 3 196 25 0 172 1 1 138 0 70 43 0 21 166 0 137 132 0 173 165 0 108 172 213 219 237 201 247
244 250 216 231 242 255 232 226 246 236 244 233 191 211 229 165 0 140 216 116 4 6 179 128 0 80 150 46 0 17 149 106 3 20 55 18 0 35 75 0 37 168 169 0 0 107 148 7 0 99 195 0 0 99 27 0 156 1 0 144 3 0 20 214 4 13 188 0 23 129 0 61 65 0 37 91 0 105 110 0 129 198 153 204 204 188 227 233 217 237
255 221 207 174 204 233 255 244 241 250 251 215 211 230 212 92 1 183 212 11 0 105 167 0 0 84 135 0 4 151 183 4 1 158 139 0 45 165 0 0 107 202 112 0 34 60 21 0 1 193 57 0 100 144 0 49 89 0 0 168 0 0 70 146 5 168 204 0 119 153 0 83 71 0 74 102 0 55 199 0 107 226 87 200 231 213 219 235 240 161
230 182 122 237 168 218 253 246 228 242 242 217 237 224 222 48 50 140 175 12 14 161 123 0 11 180 158 10 101 180 69 0 41 157 1 8 180 69 0 0 141 166 0 1 108 192 1 0 55 179 0 1 140 26 0 56 159 0 32 99 0 4 193 36 0 135 160 0 119 104 0 174 72 0 143 100 0 45 198 12 174 215 206 220 202 216 225 177 239 229
186 192 210 234 212 233 251 239 230 212 234 188 225 204 233 212 216 157 117 117 113 202 34 0 133 98 8 0 169 148 0 9 101 69 1 102 189 4 0 15 173 6 0 36 209 140 0 12 150 55 0 35 115 1 0 132 83 1 153 183 11 45 190 0 0 192 131 0 173 1 15 191 79 12 110 150 0 58 179 148 141 188 233 225 168 215 250 234 213 164
191 217 234 228 218 249 237 252 243 230 239 55 240 204 224 246 223 198 0 29 177 131 1 19 186 25 0 16 166 9 0 68 98 7 16 182 83 0 28 72 87 0 8 152 199 11 0 95 146 0 4 148 32 0 14 167 0 15 155 152 48 43 68 0 6 176 82 11 191 1 115 164 32 95 138 180 0 142 131 201 199 213 221 206 209 217 236 226 229 223
202 240 205 203 203 211 250 253 226 225 228 132 216 200 232 224 200 187 51 150 162 24 17 122 122 0 15 106 128 0 23 122 45 0 80 134 2 13 134 47 0 0 43 184 113 0 19 161 63 0 58 182 1 0 73 97 0 84 83 39 4 46 163 0 62 169 39 50 186 0 192 58 41 169 175 184 56 176 207 189 201 169 212 217 214 181 236 227 236 194
252 251 230 181 191 183 249 243 207 223 219 247 219 193 217 212 200 191 195 188 90 0 86 170 24 0 74 167 28 0 95 142 0 24 154 19 0 94 167 43 0 3 109 155 4 0 102 154 38 0 145 163 0 3 125 9 3 176 5 111 16 53 98 0 160 110 0 87 131 0 196 22 103 92 212 208 187 179 208 152 194 133 238 214 228 201 235 232 237 213
233 238 249 185 220 246 248 241 226 198 235 224 220 197 209 202 226 211 223 86 0 57 177 50 0 62 132 73 0 11 131 95 15 122 101 2 51 195 125 0 0 67 178 55 0 11 142 76 3 20 154 102 0 52 157 0 44 164 0 135 24 82 22 12 164 43 15 160 37 21 142 3 167 27 224 208 189 195 213 210 202 208 234 225 203 227 234 216 235 224
233 232 238 206 184 245 185 251 221 215 215 214 232 232 215 215 233 205 196 6 93 151 117 0 64 158 78 2 0 89 151 32 53 192 2 0 114 149 35 0 56 155 87 1 0 81 120 1 20 119 193 27 14 128 106 0 105 75 0 151 0 93 5 93 124 1 89 164 15 123 105 90 173 127 208 207 176 193 222 220 208 171 223 231 193 227 177 208 233 230
244 186 223 208 204 226 204 253 219 247 211 228 243 233 227 233 223 201 190 96 204 147 15 93 172 193 4 0 25 176 149 2 31 76 2 93 141 76 0 17 134 128 0 0 39 131 76 0 104 197 137 0 100 113 23 47 171 17 74 81 8 86 2 170 48 0 167 123 90 201 52 176 181 184 194 203 168 211 169 217 216 175 223 222 218 222 120 219 189 240
230 195 239 213 241 220 254 227 225 255 222 246 249 239 222 227 212 210 194 198 194 42 74 195 182 68 0 0 143 205 55 0 58 0 107 181 93 21 0 123 80 39 0 3 117 145 15 50 169 180 29 8 184 132 1 109 169 0 167 24 62 101 24 179 3 71 180 35 178 195 0 202 198 181 200 165 185 221 182 208 198 208 178 229 234 233 178 225 202 243
