255 255 255 255 255 255 255 255 255 255 255 255 255 255 255 255 255 255 255 255 255 255 255 255 255 255 255 255 255 255 255 255 255 255 255 255 255 255 255 255 255 255 255 255 255 255 255 255 255 255 255 255 255 255 255 255 255 255 255 255 255 255 255 255 255 255 255 255 255 255 255 255 255 255 255 255 255 255 255 255 255 255 255 255 255 255 255 255 255 255
255 255 255 255 255 255 255 255 255 255 255 255 255 255 255 255 255 255 255 255 255 255 255 255 255 255 255 255 255 255 255 255 255 255 255 255 255 255 255 255 255 255 255 255 255 255 255 255 255 255 255 255 255 255 255 255 255 255 255 255 255 255 255 255 255 255 255 255 255 255 255 255 255 255 255 255 255 255 255 255 255 255 255 255 255 255 255 255 255 255
255 255 255 255 255 255 255 255 255 255 255 255 255 255 255 255 255 255 255 255 255 255 255 255 255 255 255 255 255 255 255 255 255 255 255 255 255 255 255 255 255 255 255 255 255 255 255 255 255 255 255 255 255 255 255 255 255 255 255 255 255 255 255 255 255 255 255 255 255 255 255 255 255 255 255 255 255 255 255 255 255 255 255 255 255 255 255 255 255 255
255 255 255 255 255 255 255 255 255 255 255 255 255 255 255 255 255 255 255 255 255 255 255 255 255 255 255 255 255 255 255 255 255 255 255 255 255 255 255 255 255 255 255 255 255 255 255 255 255 255 255 255 255 255 255 255 255 255 255 255 255 255 255 255 255 255 255 255 255 255 255 255 255 255 255 255 255 255 255 255 255 255 255 255 255 255 255 255 255 255
255 255 255 255 255 255 255 255 255 255 255 255 255 255 255 255 255 255 255 255 255 255 255 255 255 255 255 255 255 255 255 255 255 255 255 255 255 255 255 255 255 255 255 255 255 255 255 255 255 255 255 255 255 255 255 255 255 255 255 255 255 255 255 255 255 255 255 255 255 255 255 255 255 255 255 255 255 255 255 255 255 255 255 255 255 255 255 255 255 255
255 255 255 255 255 255 255 255 255 255 255 255 255 255 255 255 255 255 255 255 255 255 255 255 255 255 255 255 255 255 255 255 255 255 255 255 255 255 255 255 255 255 255 255 255 255 255 255 255 255 255 255 255 255 255 255 255 255 255 255 255 255 255 255 255 255 255 255 255 255 255 255 255 255 255 255 255 255 255 255 255 255 255 255 255 255 255 255 255 255
255 255 255 255 255 255 255 255 255 255 255 255 255 255 255 255 255 255 255 255 255 255 255 255 255 255 255 255 255 255 255 255 255 255 255 255 255 255 255 255 255 255 255 255 255 255 255 255 255 255 255 255 255 255 255 255 255 255 255 255 255 255 255 255 255 255 255 255 255 255 255 255 255 255 255 255 255 255 255 255 255 255 255 255 255 255 255 255 255 255
255 255 255 255 255 255 255 255 255 255 255 255 255 255 255 255 255 255 255 255 255 255 255 255 255 255 255 255 255 255 255 255 255 255 255 255 255 255 255 255 255 255 255 255 255 255 255 255 255 255 255 255 255 255 255 255 255 255 255 255 255 255 255 255 255 255 255 255 255 255 255 255 255 255 255 255 255 255 255 255 255 255 255 255 255 255 255 255 255 255
255 255 255 255 255 255 255 255 255 255 255 255 255 255 255 255 255 255 255 255 255 255 255 255 255 255 255 255 255 255 255 255 255 255 255 255 255 255 255 255 255 255 255 255 255 255 255 255 255 255 255 255 255 255 255 255 255 255 255 255 255 255 255 255 255 255 255 255 255 255 255 255 255 255 255 255 255 255 255 255 255 255 255 255 255 255 255 255 255 255
255 255 255 255 255 255 255 255 255 255 255 255 255 255 255 255 255 255 255 255 255 255 255 255 255 255 255 255 255 255 255 255 255 255 255 255 255 255 255 255 255 255 255 255 255 255 255 255 255 255 255 255 255 255 255 255 255 255 255 255 255 255 255 255 255 255 255 255 255 255 255 255 255 255 255 255 255 255 255 255 255 255 255 255 255 255 255 255 255 255
255 255 255 255 255 255 255 255 255 255 255 255 255 255 255 255 255 255 255 255 255 255 255 255 255 255 255 255 255 255 255 255 255 255 255 255 255 255 255 255 255 255 255 255 255 255 255 255 255 255 255 255 255 255 255 255 255 255 255 255 255 255 255 255 255 255 255 255 255 255 255 255 255 255 255 255 255 255 255 255 255 255 255 255 255 255 255 255 255 255
255 255 255 255 255 255 255 255 255 255 255 255 255 255 255 255 255 255 255 255 255 255 255 255 255 255 255 255 255 255 255 255 255 255 255 255 255 255 255 255 255 255 255 255 255 255 255 255 255 255 255 255 255 255 255 255 255 255 255 255 255 255 255 255 255 255 255 255 255 255 255 255 255 255 255 255 255 255 255 255 255 255 255 255 255 255 255 255 255 255
255 255 255 255 255 255 255 255 255 255 255 255 255 255 255 255 255 255 255 255 255 255 255 255 255 255 255 255 255 255 255 255 255 255 255 255 255 255 255 255 255 255 255 255 255 255 255 255 255 255 255 255 255 255 255 255 255 255 255 255 255 255 255 255 255 255 255 255 255 255 255 255 255 255 255 255 255 255 255 255 255 255 255 255 255 255 255 255 255 255
255 255 255 255 255 255 255 255 255 255 255 255 255 255 255 255 255 255 255 255 255 255 255 255 255 255 255 255 255 255 255 255 255 255 255 255 255 255 255 255 255 255 255 255 255 255 255 255 255 255 255 255 255 255 255 255 255 255 255 255 255 255 255 255 255 255 255 255 255 255 255 255 255 255 255 255 255 255 255 255 255 255 255 255 255 255 255 255 255 255
255 255 255 255 255 255 255 255 255 255 255 255 255 255 255 255 255 255 255 255 255 255 255 255 255 255 255 255 255 255 255 255 255 255 255 255 255 255 255 255 255 255 255 255 255 255 255 255 255 255 255 255 255 255 255 255 255 255 255 255 255 255 255 255 255 255 255 255 255 255 255 255 255 255 255 255 255 255 255 255 255 255 255 255 255 255 255 255 255 255
255 255 255 255 255 255 255 255 255 255 255 255 255 255 255 255 255 255 255 255 255 255 255 255 255 255 255 255 255 255 255 255 255 255 255 255 255 255 255 255 255 255 255 254 255 255 255 255 255 255 255 255 255 255 255 255 255 255 255 255 255 255 255 255 255 255 255 255 255 255 255 255 255 255 255 255 255 255 255 255 255 255 255 255 255 255 255 255 255 255
255 255 255 255 255 255 255 255 255 255 255 255 255 255 255 255 255 255 255 255 255 255 255 255 255 255 255 255 255 255 255 255 255 255 255 255 255 255 255 246 249 241 249 249 218 237 255 254 254 255 255 255 255 255 255 255 255 255 255 255 255 255 255 255 255 255 255 255 255 255 255 255 255 255 255 255 255 255 255 255 255 255 255 255 255 255 255 255 255 255
255 255 255 255 255 255 255 255 255 255 255 255 255 255 255 255 255 255 255 255 255 255 255 255 255 255 255 255 255 255 255 255 255 255 255 255 255 242 250 237 178 207 246 248 159 191 227 253 254 249 255 255 255 255 255 255 255 255 255 255 255 255 255 255 255 255 255 255 255 255 255 255 255 255 255 255 255 255 255 255 255 255 255 255 255 255 255 255 255 255
255 255 255 255 255 255 255 255 255 255 255 255 255 255 255 255 255 255 255 255 255 255 255 255 255 255 255 255 251 206 255 255 255 255 235 235 229 223 194 247 171 213 255 253 209 201 170 188 250 247 247 255 249 220 253 254 255 255 255 255 255 255 255 255 255 255 255 255 255 255 255 255 255 255 255 255 255 255 255 255 255 255 255 255 255 255 255 255 255 255
255 255 255 255 255 255 255 255 255 255 255 255 255 255 255 255 255 255 255 255 255 255 255 255 244 242 239 243 251 213 255 236 255 255 238 229 161 168 206 243 218 210 167 255 226 244 198 138 195 203 227 238 158 198 194 253 214 254 255 255 255 255 255 255 255 255 255 255 255 255 255 255 255 255 255 255 255 255 255 255 255 255 255 255 255 255 255 255 255 255
255 255 255 255 255 255 255 255 255 255 255 255 255 255 255 255 255 255 255 255 255 255 255 253 243 183 189 212 225 255 255 232 195 255 255 250 202 183 247 204 184 230 193 199 219 255 218 121 151 129 163 244 171 200 142 200 228 184 176 203 255 255 255 255 255 255 255 255 255 255 255 255 255 255 255 255 255 255 255 255 255 255 255 255 255 255 255 255 255 255
255 255 255 255 255 255 255 255 255 255 255 255 255 255 255 255 255 255 255 255 255 224 255 254 253 223 226 128 231 232 251 250 220 238 253 239 251 243 247 224 226 222 252 216 72 164 224 148 167 117 157 176 241 238 123 83 177 223 125 96 170 255 255 255 255 255 255 255 255 255 255 255 255 255 255 255 255 255 255 255 255 255 255 255 255 255 255 255 255 255
255 255 255 255 255 255 255 255 255 255 255 255 255 255 255 255 255 255 255 255 213 205 102 235 179 254 225 182 176 138 187 145 149 237 254 193 220 255 254 154 121 186 255 222 184 95 250 183 236 226 139 101 177 249 210 47 32 138 135 44 73 112 242 255 255 255 255 255 255 255 255 255 255 255 255 255 255 255 255 255 255 255 255 255 255 255 255 255 255 255
255 255 255 255 255 255 255 255 255 255 255 255 255 255 255 255 255 255 255 226 243 215 45 161 206 160 250 248 241 234 159 81 132 235 148 243 202 88 204 236 156 232 118 203 251 192 254 121 173 125 231 232 122 159 230 91 21 36 78 152 28 45 131 255 255 255 255 255 255 255 255 255 255 255 255 255 255 255 255 255 255 255 255 255 255 255 255 255 255 255
255 255 255 255 255 255 255 255 255 255 255 255 255 255 255 255 255 169 137 170 199 252 240 181 109 23 54 176 247 255 248 243 234 245 9 28 184 149 175 244 223 206 134 242 192 158 247 245 216 245 221 87 18 100 51 240 48 2 8 12 163 29 23 166 255 255 255 255 255 255 255 255 255 255 255 255 255 255 255 255 255 255 255 255 255 255 255 255 255 255
255 255 255 255 255 255 255 255 255 255 255 255 255 255 255 255 255 150 113 81 134 23 243 188 228 209 116 149 45 58 119 127 254 254 242 118 166 189 68 13 38 164 229 254 202 254 192 251 157 154 217 182 249 76 110 50 37 225 1 0 3 239 194 4 100 248 255 255 255 255 255 255 255 255 255 255 255 255 255 255 255 255 255 255 255 255 255 255 255 255
255 255 255 255 255 255 255 255 255 255 255 255 255 254 244 245 238 242 234 222 162 38 247 246 208 229 255 255 241 20 53 193 23 85 225 236 230 244 212 212 232 249 156 217 248 166 242 127 219 241 141 118 75 10 219 23 3 193 163 15 0 42 216 61 13 21 231 253 255 255 255 255 255 255 255 255 255 255 255 255 255 255 255 255 255 255 255 255 255 255
255 255 255 255 255 255 255 255 255 255 255 254 255 241 104 126 53 107 53 79 208 163 255 254 104 160 224 216 219 231 233 222 26 45 9 31 85 124 147 211 238 195 229 87 156 241 215 111 186 126 189 127 3 12 220 179 15 8 67 156 32 0 1 217 170 34 0 200 255 255 255 255 255 255 255 255 255 255 255 255 255 255 255 255 255 255 255 255 255 255
255 255 255 255 255 255 255 255 255 255 255 251 244 255 96 121 97 79 121 172 224 87 225 255 58 56 50 1 42 77 238 200 157 253 80 165 57 178 176 146 164 230 203 248 116 177 236 217 230 155 102 147 51 77 144 206 129 36 0 17 164 46 3 0 144 183 54 56 222 255 255 255 255 255 255 255 255 255 255 255 255 255 255 255 255 255 255 255 255 255
255 255 255 255 255 255 255 255 255 255 255 251 145 180 174 182 117 181 251 213 230 146 99 231 249 252 106 69 37 0 186 6 73 175 245 232 196 253 183 108 174 171 169 209 217 210 192 236 228 203 171 193 233 115 119 31 166 69 6 0 1 144 78 65 0 29 164 189 126 181 255 255 255 255 255 255 255 255 255 255 255 255 255 255 255 255 255 255 255 255
255 255 255 255 255 255 255 255 255 255 255 245 13 3 0 14 154 194 198 95 130 1 32 110 155 161 184 240 111 94 156 94 18 1 140 221 75 197 249 86 143 225 122 108 191 232 140 165 198 246 223 229 251 169 230 29 4 146 103 90 0 1 142 212 11 0 1 78 183 99 161 248 255 255 255 255 255 255 255 255 255 255 255 255 255 255 255 255 255 255
255 255 255 255 255 255 255 255 255 243 255 253 132 99 35 46 33 145 183 104 75 1 13 0 33 0 54 185 237 197 168 223 139 113 97 93 66 56 218 113 154 254 223 123 92 160 187 145 245 147 106 216 254 148 252 151 82 0 138 242 0 0 0 112 126 0 0 2 131 254 22 165 246 255 255 255 255 255 255 255 255 255 255 255 255 255 255 255 255 255
255 255 255 255 255 255 255 255 188 241 255 255 253 210 73 144 41 165 255 204 175 132 142 127 166 132 107 96 105 67 176 90 133 200 210 134 142 132 166 243 206 170 132 175 182 92 134 214 198 124 77 166 251 113 123 243 199 0 1 116 65 83 0 1 121 113 12 2 0 123 150 167 219 255 255 255 255 255 255 255 255 255 255 255 255 255 255 255 255 255
255 255 255 255 255 255 255 241 53 139 234 105 108 82 28 75 4 52 112 120 103 105 102 102 104 154 180 151 134 155 129 92 59 96 104 164 255 194 147 176 249 41 35 143 159 204 218 175 82 182 153 146 251 111 53 95 98 68 5 0 91 86 101 1 0 91 159 12 0 0 101 255 234 255 255 255 255 255 255 255 255 255 255 255 255 255 255 255 255 255
255 255 255 255 255 255 238 134 109 38 197 64 61 6 1 3 0 6 4 10 3 0 5 0 0 28 54 65 76 90 190 210 197 140 108 49 255 220 217 169 164 170 176 148 34 110 165 227 125 51 65 70 145 218 100 0 4 41 170 48 22 12 120 150 9 13 86 175 42 99 0 250 255 255 255 255 255 255 255 255 255 255 255 255 255 255 255 255 255 255
255 255 255 255 255 255 98 191 162 192 117 35 200 190 188 187 187 186 40 78 182 178 181 166 182 101 100 95 1 26 57 63 82 121 166 193 207 255 101 74 189 67 146 209 183 154 145 68 57 139 127 31 24 161 193 79 0 23 79 197 33 0 25 238 58 5 0 124 68 48 58 219 255 255 255 255 255 255 255 255 255 255 255 255 255 255 255 255 255 255
255 255 255 255 255 255 140 46 33 54 18 2 46 63 50 49 198 236 216 226 48 47 85 44 69 50 208 203 195 211 192 40 21 21 75 255 242 209 215 212 63 2 31 44 179 224 191 1 3 37 172 192 5 25 45 163 111 6 3 88 197 126 0 70 166 107 0 15 14 206 38 40 189 255 255 255 255 255 255 255 255 255 255 255 255 255 255 255 255 255
255 255 255 255 255 250 23 68 0 1 0 0 0 2 0 0 22 34 39 56 205 177 42 6 3 4 27 26 29 30 226 229 227 126 40 255 236 171 121 160 227 224 102 15 60 28 108 219 29 4 21 55 225 11 0 42 223 205 5 6 28 234 75 9 28 204 171 15 0 95 228 63 25 217 255 255 255 255 255 255 255 255 255 255 255 255 255 255 255 255
255 255 255 255 255 253 75 170 12 0 89 177 112 46 0 0 0 0 0 1 124 213 184 243 235 89 50 0 0 0 11 19 165 199 238 203 193 143 27 7 12 81 236 170 166 11 41 31 225 135 0 2 170 209 0 1 12 173 138 21 0 30 232 0 0 10 108 244 32 3 157 183 1 57 255 255 255 255 255 255 255 255 255 255 255 255 255 255 255 255
255 255 255 255 244 102 179 54 68 0 0 0 0 2 231 122 189 229 76 17 6 16 1 0 83 169 241 220 209 159 26 7 6 0 19 8 142 253 75 7 1 0 56 26 200 249 59 1 0 136 166 4 0 43 210 5 1 0 96 212 5 0 0 186 89 6 6 32 237 215 2 115 208 6 52 255 255 255 255 255 255 255 255 255 255 255 255 255 255 255
255 255 255 255 77 14 0 0 3 13 20 26 23 85 139 0 0 106 202 228 229 202 53 25 20 24 4 2 1 104 238 229 209 42 76 53 236 211 237 225 49 23 28 7 0 30 235 47 5 0 102 146 18 0 126 181 41 1 0 85 198 22 0 0 164 207 42 37 0 99 85 0 114 225 52 255 255 255 255 255 255 255 255 255 255 255 255 255 255 255
255 255 255 254 213 121 0 0 30 110 145 119 67 1 0 0 2 0 0 1 135 181 218 211 176 242 71 60 49 44 113 3 50 208 244 231 137 92 71 176 210 229 255 39 26 0 48 149 60 23 2 29 187 4 0 45 179 45 8 0 70 199 36 2 2 27 111 86 39 10 20 2 7 223 255 255 255 255 255 255 255 255 255 255 255 255 255 255 255 255
255 255 255 244 8 38 0 1 39 0 1 22 24 20 41 30 41 61 39 14 8 0 29 5 43 172 171 195 206 254 177 71 114 13 220 191 227 13 23 0 0 151 198 179 170 29 0 0 67 108 2 4 154 56 21 0 2 148 55 50 6 85 153 71 17 52 76 116 215 52 89 40 4 53 223 255 250 255 255 255 255 255 255 255 255 255 255 255 255 255
255 255 255 233 57 12 47 77 38 31 21 61 67 57 114 81 90 172 181 116 90 74 58 51 90 10 2 12 38 252 228 238 179 102 155 96 132 105 64 18 1 57 20 33 154 94 66 39 1 18 5 1 0 106 84 45 0 0 53 216 62 35 5 175 102 42 85 66 122 30 199 126 84 4 84 231 241 255 255 255 255 255 255 255 254 255 255 255 255 255
255 255 255 210 139 2 90 146 72 61 35 0 0 0 21 0 0 14 137 147 146 156 126 148 192 89 98 98 101 251 163 152 16 153 242 140 25 147 160 134 2 104 18 66 0 25 124 77 71 32 0 0 0 3 50 94 77 0 0 164 162 103 9 12 158 164 63 10 23 10 164 92 185 39 0 177 253 255 255 255 255 255 255 255 252 255 255 255 255 255
255 255 234 195 158 84 0 7 0 1 6 6 6 6 29 0 0 0 0 0 25 21 20 71 50 97 130 143 251 203 116 74 126 131 235 31 24 26 77 199 101 7 11 91 13 0 0 2 96 46 0 0 0 0 0 12 192 44 0 21 107 214 113 94 72 114 87 116 139 12 74 93 149 172 40 92 207 255 255 255 255 255 255 255 255 255 255 255 255 255
255 255 211 255 254 220 90 96 74 11 6 6 6 6 1 9 55 115 129 94 101 10 9 110 36 42 33 73 210 66 35 35 188 245 212 134 40 26 13 63 101 29 53 1 42 16 38 0 0 2 0 0 75 16 0 2 86 49 72 0 21 138 148 184 74 3 11 108 234 119 30 2 84 210 115 1 73 234 255 252 255 255 255 255 254 255 255 255 255 255
229 255 238 209 229 236 215 100 55 36 68 2 15 0 92 117 79 116 139 175 201 127 97 81 26 31 24 54 106 130 95 74 100 172 82 95 68 43 46 0 0 16 60 11 36 13 85 84 0 0 0 0 55 63 44 0 0 40 53 121 79 35 54 76 182 138 22 1 88 78 164 0 0 67 196 124 18 165 255 253 255 255 255 255 254 255 255 255 255 255
241 255 110 117 67 71 78 16 12 30 40 1 102 0 48 58 20 17 24 56 66 62 47 18 7 38 48 4 20 68 61 195 199 105 0 0 29 22 177 20 0 0 11 61 8 1 30 44 0 0 0 0 0 27 29 11 0 19 0 64 198 59 10 0 67 194 156 0 3 0 86 60 0 0 99 238 182 216 255 255 255 255 255 255 255 255 255 255 255 255
255 253 11 44 0 0 0 63 52 12 48 84 212 45 13 42 96 145 174 150 102 66 14 6 2 13 86 169 93 34 4 56 68 33 128 111 0 0 58 7 1 140 0 20 78 0 0 0 0 17 0 0 0 0 2 103 100 0 0 0 82 191 48 0 0 44 138 152 0 0 4 51 60 0 9 83 236 255 255 255 255 255 255 255 255 255 255 255 255 255
255 254 184 211 189 24 69 32 11 14 13 19 106 220 184 10 87 222 41 41 88 148 133 115 100 38 16 39 91 186 205 55 32 2 29 30 154 6 1 0 0 149 31 0 18 0 56 108 0 4 0 19 49 0 0 23 24 44 0 0 6 41 142 152 3 0 19 126 182 0 0 7 87 103 0 5 110 255 255 255 255 255 255 255 255 255 255 255 255 255
249 242 172 211 166 33 8 2 25 172 174 0 13 60 193 0 63 212 0 1 8 16 16 37 170 234 187 151 137 21 41 151 178 160 0 1 30 141 0 0 0 14 86 10 0 0 7 62 57 0 0 2 7 24 0 0 0 5 0 0 0 0 17 28 192 46 0 11 142 168 0 0 9 91 150 0 8 100 255 255 255 255 255 255 255 255 255 255 255 255
255 16 108 7 4 1 0 0 178 39 6 0 0 1 127 59 31 31 21 137 151 142 19 74 244 255 201 238 234 7 62 4 5 10 0 0 0 157 197 81 0 0 2 101 19 0 0 1 5 129 0 0 0 1 121 55 0 0 0 4 0 0 0 0 6 212 6 0 3 63 215 0 0 4 6 86 0 2 252 255 255 255 255 255 255 255 255 255 255 255
255 253 194 5 0 0 4 79 197 0 0 1 10 10 12 83 9 2 0 3 83 139 103 192 252 254 37 10 4 142 84 148 157 175 10 11 25 223 92 207 153 9 0 0 0 24 0 0 0 6 150 2 3 0 0 0 93 0 62 0 47 48 2 41 63 0 170 9 0 0 48 154 3 0 0 225 51 9 239 255 255 255 255 255 255 255 255 255 255 255
228 182 22 44 0 0 80 78 0 0 0 15 202 105 149 93 170 66 18 24 26 26 253 229 181 198 207 180 100 26 18 94 163 148 189 217 244 102 1 0 44 184 7 0 0 0 4 6 0 0 0 33 56 1 0 0 0 7 4 0 0 31 33 0 29 0 18 172 3 0 0 161 78 2 0 0 225 191 255 255 255 255 255 255 255 255 255 255 255 255
56 2 30 18 2 0 0 0 0 0 0 14 204 34 0 0 36 183 124 201 214 173 247 109 182 46 28 9 239 219 152 149 190 5 4 66 208 220 35 0 0 114 48 34 8 0 0 0 0 0 0 0 4 10 19 0 0 0 29 0 2 0 0 1 13 0 12 82 49 25 0 0 182 53 28 0 72 248 245 255 255 255 255 255 255 255 255 255 255 255
174 36 143 68 6 1 24 7 0 0 0 0 230 26 0 1 44 0 13 209 167 0 158 193 245 229 167 84 232 232 138 120 180 31 76 67 19 174 110 57 0 0 0 130 37 28 0 0 0 0 6 0 0 6 76 0 0 0 0 0 7 0 0 0 49 27 47 40 105 103 28 0 11 141 170 35 0 160 211 255 255 255 255 255 255 255 255 255 255 255
254 71 77 0 0 37 61 81 0 16 40 0 137 2 0 11 74 68 113 202 82 72 44 40 143 140 152 164 231 255 111 65 31 25 238 251 110 63 7 143 60 31 0 5 16 69 39 0 0 0 14 0 0 0 13 7 23 0 0 0 4 0 18 0 0 67 31 0 1 36 92 58 0 1 196 168 36 0 192 255 255 255 255 255 255 255 255 255 255 255
255 1 0 0 0 65 80 178 0 27 128 0 8 0 15 89 223 203 228 156 111 196 144 137 83 38 0 26 112 155 220 207 126 105 225 255 247 115 79 2 104 95 60 0 0 0 68 56 13 0 0 0 0 0 0 12 40 0 0 0 0 0 103 0 0 0 54 29 1 31 38 145 88 0 62 233 164 18 107 255 255 255 255 255 255 255 255 255 255 255
255 13 0 0 0 4 145 132 0 0 75 0 0 0 52 171 122 107 110 119 116 129 88 118 104 51 68 110 62 7 101 119 150 195 255 255 218 112 115 35 1 52 78 73 0 0 0 69 105 3 0 0 1 56 0 0 0 0 0 4 0 0 90 76 0 0 0 37 0 0 0 56 224 91 18 116 199 146 171 255 255 255 255 255 255 255 255 255 255 255
255 65 0 0 0 4 41 44 0 0 0 0 0 1 56 75 0 8 7 0 19 52 7 36 0 3 62 103 173 125 130 53 17 58 113 214 221 27 130 32 1 0 3 102 114 0 0 0 82 96 0 0 1 51 0 0 0 0 0 4 0 0 7 70 75 0 0 6 0 0 0 0 105 211 18 3 66 181 254 255 255 255 255 255 255 255 255 255 255 255
169 187 50 0 0 0 25 0 0 0 24 0 0 0 17 0 0 9 4 1 0 11 5 124 137 96 0 1 78 82 212 193 155 46 0 67 123 75 160 115 79 0 0 24 75 1 20 0 0 62 7 0 0 0 0 0 0 0 0 0 0 0 5 0 50 11 0 4 0 0 119 0 0 114 105 8 1 45 251 255 255 255 255 255 255 255 255 255 255 255
44 72 23 0 0 5 153 1 1 111 158 66 0 29 0 0 0 1 0 1 0 0 0 48 65 45 5 113 14 0 59 84 183 187 127 68 108 27 39 54 45 159 72 0 0 0 10 3 1 0 3 0 0 0 0 0 0 0 0 0 18 0 0 0 0 67 0 0 0 0 81 0 0 16 49 139 4 0 115 251 255 255 255 255 255 255 255 255 255 255
6 2 0 0 29 8 217 3 137 121 47 21 68 139 2 0 0 0 0 0 0 0 71 0 0 0 2 36 54 96 0 3 35 54 185 198 211 130 0 0 3 78 157 43 0 0 0 1 92 30 0 0 0 0 0 0 0 4 0 3 6 0 0 0 0 20 0 66 0 0 8 0 5 1 0 62 130 1 13 214 254 253 255 255 255 255 255 255 255 255
8 0 0 0 6 1 149 136 159 17 0 0 13 25 9 0 0 0 0 0 0 51 14 0 0 0 3 0 10 121 194 142 34 0 28 38 107 215 60 0 0 5 26 56 144 2 0 0 18 42 15 0 0 0 0 0 0 1 0 1 0 0 50 70 0 0 0 13 31 0 0 0 153 0 0 4 83 173 14 132 255 255 255 255 255 255 255 255 255 255
1 0 0 0 0 0 11 12 38 0 0 0 0 0 1 17 0 0 0 0 84 144 0 0 0 0 0 65 0 9 110 187 215 73 42 3 20 31 92 135 0 0 0 4 13 1 4 0 0 3 7 119 0 0 0 0 7 4 0 0 0 0 5 44 18 0 0 0 77 1 0 0 14 0 0 0 5 181 228 244 255 255 255 255 255 255 255 253 255 255
1 0 0 0 0 0 0 0 0 0 0 0 0 12 26 14 0 0 0 0 205 141 0 0 0 0 0 26 0 0 7 1 1 108 177 214 206 235 228 154 0 0 2 0 0 0 93 25 0 0 0 1 0 0 3 0 0 0 39 87 13 0 0 0 0 0 11 0 0 0 0 0 0 0 0 0 0 84 234 255 246 255 255 255 255 255 255 255 255 255
1 0 56 46 0 2 0 0 0 0 0 0 0 6 79 0 0 0 0 0 105 134 0 0 0 1 0 0 0 0 130 128 22 10 0 0 131 38 194 214 174 0 62 6 1 0 0 0 37 7 0 0 0 0 138 6 0 0 0 1 0 7 0 0 0 12 145 0 0 0 4 41 0 0 0 47 1 0 112 252 253 255 255 255 255 255 255 255 255 255
37 13 50 178 0 2 0 0 0 5 0 0 0 1 4 0 8 16 0 0 0 0 0 0 0 8 0 0 0 0 0 163 170 133 19 15 0 0 0 46 27 0 0 6 9 0 0 0 0 0 0 0 0 0 27 53 0 0 0 0 0 0 4 5 0 0 38 8 7 0 3 153 1 0 0 43 21 9 0 215 226 252 255 255 255 255 255 255 251 255
223 77 98 7 8 0 0 1 0 26 0 0 0 18 0 0 46 90 36 35 23 0 0 0 18 4 0 0 0 0 0 1 0 45 97 120 22 0 0 0 0 0 0 0 0 0 0 0 0 0 0 0 0 0 0 0 0 0 0 1 0 0 15 27 29 0 4 46 40 0 0 58 5 28 0 0 53 98 1 222 253 255 255 254 255 255 255 255 254 252
215 9 0 1 29 39 16 3 0 0 0 0 6 43 0 0 0 1 118 118 78 0 0 0 60 15 14 27 7 0 1 31 53 3 3 124 81 29 0 0 0 0 1 0 0 0 0 0 1 1 0 0 0 0 0 0 0 0 0 33 0 0 0 6 143 11 0 0 9 1 0 0 0 130 11 0 0 181 63 147 253 255 235 255 254 254 255 255 252 245
190 0 0 0 2 91 36 0 0 0 0 1 14 0 0 0 0 0 0 0 0 0 0 0 0 0 32 61 23 0 0 62 116 41 5 0 26 72 4 0 0 0 0 0 0 20 0 0 1 1 0 0 0 0 0 0 0 0 0 64 0 0 0 0 102 26 4 0 0 0 1 0 0 82 26 0 0 56 219 209 249 255 205 255 251 255 255 255 253 252
196 0 0 0 76 22 1 0 0 0 0 2 18 0 0 0 0 0 0 0 0 0 0 0 0 0 0 0 10 0 0 2 2 55 9 1 0 11 12 0 0 0 0 0 0 32 37 1 0 0 0 0 0 0 0 0 0 0 0 0 0 0 0 0 0 0 36 0 0 0 18 0 0 0 2 0 0 0 168 207 248 255 244 254 245 255 255 255 255 255
226 1 0 0 87 19 0 0 0 0 0 0 18 12 39 0 0 0 0 0 0 0 0 2 0 0 0 0 0 1 0 12 50 0 2 1 0 0 6 0 0 0 0 0 0 0 42 6 0 0 0 0 0 0 0 0 0 0 0 0 0 0 5 4 0 0 34 35 0 0 18 0 0 0 2 0 16 0 44 186 203 255 253 243 239 255 255 255 255 255
241 118 11 10 0 0 0 1 0 0 14 110 89 10 33 0 0 1 34 0 1 0 0 5 0 0 0 0 0 0 0 9 42 50 39 0 0 0 0 0 19 0 0 0 0 0 0 4 2 0 0 0 0 5 0 0 11 0 0 5 0 0 4 12 0 0 0 35 35 0 0 0 29 0 0 0 112 10 0 236 205 253 254 238 227 254 255 255 254 255
252 217 123 140 58 50 103 68 0 0 13 115 196 29 0 0 0 0 21 0 1 0 0 2 0 0 0 0 0 0 0 56 0 30 24 33 9 0 0 0 12 0 0 0 0 0 0 0 1 0 0 0 0 3 0 0 12 0 0 3 25 0 0 6 8 0 0 3 69 0 0 0 18 0 0 0 66 139 118 248 248 225 254 239 221 248 255 251 251 249
248 116 83 218 185 23 52 29 0 0 2 26 196 148 7 0 0 0 0 1 0 0 3 0 0 2 0 0 43 0 0 24 81 0 0 14 8 0 0 0 0 0 0 0 0 3 0 0 0 0 0 0 0 0 0 0 2 0 0 0 10 0 0 0 4 6 0 0 20 85 0 0 0 1 37 0 2 163 222 248 252 228 251 249 229 246 253 251 250 252
253 213 192 184 79 1 2 0 0 0 0 2 38 38 137 12 0 0 0 0 0 0 11 0 0 1 0 0 34 94 1 0 23 83 4 0 1 0 0 0 0 0 0 0 0 1 0 0 0 0 2 0 0 1 6 0 0 0 47 0 0 0 0 0 0 57 18 0 0 24 97 0 0 7 129 0 0 67 181 248 244 251 238 254 246 235 247 226 253 253
246 244 237 59 15 10 0 158 23 0 0 0 0 24 187 2 0 6 0 0 0 0 36 60 0 0 0 0 4 15 66 0 0 14 118 10 0 0 0 0 0 0 0 0 0 0 0 0 0 0 0 0 0 0 1 0 0 0 8 40 0 0 0 0 0 9 26 0 0 0 64 50 0 1 76 102 0 6 216 239 252 253 226 254 253 238 240 236 252 255
137 239 244 197 89 92 153 223 11 0 0 6 0 180 163 0 0 0 54 118 0 0 2 4 48 29 0 30 0 0 4 1 0 0 8 81 0 0 0 0 0 0 0 9 86 0 0 0 45 0 0 0 0 0 0 0 0 0 0 152 0 0 1 0 0 0 13 0 0 0 3 120 11 0 4 185 27 0 138 227 247 234 224 245 238 233 240 252 230 244
209 218 242 150 98 216 96 190 5 0 0 0 3 62 57 0 0 0 55 31 107 58 0 0 131 104 1 0 97 0 0 0 21 0 0 0 0 0 0 0 0 0 0 0 30 0 0 0 0 0 0 0 0 0 0 20 63 0 0 3 1 0 0 4 2 0 11 20 2 0 0 0 44 0 0 6 194 71 201 238 241 251 238 235 223 201 249 235 255 255
242 225 239 220 215 211 222 184 194 15 1 13 34 64 0 7 0 0 58 0 6 53 0 0 28 154 49 0 0 21 1 0 0 0 0 0 0 15 4 0 4 18 0 0 0 0 0 0 0 0 0 0 2 6 0 0 161 0 0 0 74 2 0 1 103 14 1 7 150 2 0 0 125 2 0 0 127 230 208 234 250 221 237 244 239 204 246 232 252 232
209 128 185 225 195 210 231 156 224 181 35 152 193 123 1 63 0 0 0 0 0 0 0 0 0 22 96 18 0 14 13 5 0 0 0 0 0 0 34 0 0 27 0 8 0 0 0 0 0 0 0 0 0 15 0 0 23 19 0 0 8 17 0 0 6 136 29 1 153 43 0 0 13 15 0 0 0 211 227 202 242 216 244 240 218 225 244 236 249 251
235 83 232 238 88 44 222 63 220 207 170 129 175 14 2 0 2 0 0 0 0 0 0 0 30 0 1 96 15 0 21 35 8 0 0 0 0 0 0 10 0 1 0 67 0 0 0 0 0 0 2 0 0 7 6 0 0 89 22 0 0 0 0 0 0 130 140 15 2 168 38 0 0 0 32 0 0 176 230 241 236 207 225 234 218 222 246 233 231 255
241 222 229 240 34 70 222 118 214 182 175 69 168 1 23 0 0 0 32 0 0 4 0 0 87 0 0 30 54 14 0 26 30 0 0 0 0 0 0 45 17 4 0 85 13 0 0 0 0 0 0 5 0 0 17 0 0 2 66 0 0 0 40 28 0 10 120 94 3 90 113 0 0 1 99 32 28 211 229 235 237 213 198 235 239 225 246 225 243 249
235 221 215 248 156 220 237 227 184 96 197 163 140 1 38 11 0 0 63 35 0 9 5 0 0 8 0 0 20 29 0 0 16 29 0 0 0 0 0 32 93 2 0 0 45 0 0 0 46 6 0 9 0 0 0 30 24 0 1 1 0 0 91 113 11 0 21 163 14 0 19 0 0 0 11 139 140 231 233 248 221 191 238 241 236 223 237 235 246 243
234 238 193 247 231 231 130 190 119 5 192 60 72 1 5 88 20 4 1 56 1 0 10 0 0 11 0 0 0 1 21 0 0 45 0 0 0 0 0 0 96 62 0 0 27 21 0 14 119 63 0 0 0 0 2 44 40 0 0 1 0 0 14 165 51 0 2 114 13 0 23 24 2 0 0 202 210 232 232 247 216 167 250 234 229 202 229 237 251 247
231 236 171 246 242 209 8 108 58 7 142 0 0 23 0 138 21 84 0 6 35 0 4 19 0 0 1 0 0 0 52 34 0 3 7 5 0 0 18 0 11 67 0 0 0 25 40 114 80 111 0 0 0 4 2 1 6 0 0 0 7 0 0 91 129 7 0 52 0 0 1 71 59 0 0 211 210 224 226 245 247 234 242 195 228 215 233 246 251 241
141 241 227 248 244 216 3 81 51 6 168 0 96 53 19 102 0 82 9 0 43 12 0 14 7 0 0 6 0 0 23 80 0 0 5 103 2 0 22 43 0 3 0 0 0 2 31 175 19 84 58 0 0 5 0 0 0 72 2 0 6 11 0 4 97 82 5 17 23 0 0 95 134 0 4 215 218 235 238 234 246 233 241 209 196 231 228 252 253 249
183 240 254 245 231 218 1 51 23 0 198 0 155 91 10 117 0 16 110 0 9 66 0 0 40 0 0 3 45 0 0 30 34 0 0 59 94 0 5 25 0 0 12 15 0 0 0 136 1 24 92 7 0 1 0 0 0 40 1 0 0 6 3 11 14 142 21 0 13 105 6 171 82 116 133 206 215 248 248 238 174 236 248 244 151 243 229 250 255 255
