255 255 255 255 255 255 255 255 255 255 255 255 255 255 255 255 255 255 255 255 255 255 255 255 255 255 255 255 255 255 255 255 255 255 255 255 255 255 255 255 255 255 255 255 255 255 255 255 255 255 255 255 255 255 255 255 255 255 255 255 255 255 255 255 255 255 255 255 255 255 255 255 255 255 255 255 255 255 255 255 255 255 255 255 255 255 255 255 255 255
255 255 255 255 255 255 255 255 255 255 255 255 255 255 255 255 255 255 255 255 255 255 255 255 255 255 255 255 255 255 255 255 255 255 255 255 255 255 255 255 255 255 255 255 255 255 255 255 255 255 255 255 255 255 255 255 255 255 255 255 255 255 255 255 255 255 255 255 255 255 255 255 255 255 255 255 255 255 255 255 255 255 255 255 255 255 255 255 255 255
255 255 255 255 255 255 255 255 255 255 255 255 255 255 255 255 255 255 255 255 255 255 255 255 255 255 255 255 255 255 255 255 255 255 255 255 255 255 255 255 255 255 255 255 255 255 255 255 255 255 255 255 255 255 255 255 255 255 255 255 255 255 255 255 255 255 255 255 255 255 255 255 255 255 255 255 255 255 255 255 255 255 255 255 255 255 255 255 255 255
255 255 255 255 255 255 255 255 255 255 255 255 255 255 255 255 255 255 255 255 255 255 255 255 255 255 255 255 255 255 255 255 255 255 255 255 255 255 255 255 255 255 255 255 255 255 255 255 255 255 255 255 255 255 255 255 255 255 255 255 255 255 255 255 255 255 255 255 255 255 255 255 255 255 255 255 255 255 255 255 255 255 255 255 255 255 255 255 255 255
255 255 255 255 255 255 255 255 255 255 255 255 255 255 255 255 255 255 255 255 255 255 255 255 255 255 255 255 255 255 255 255 255 255 255 255 255 255 255 255 255 255 255 255 255 255 255 255 255 255 255 255 255 255 255 255 255 255 255 255 255 255 255 255 255 255 255 255 255 255 255 255 255 255 255 255 255 255 255 255 255 255 255 255 255 255 255 255 255 255
255 255 255 255 255 255 255 255 255 255 255 255 255 255 255 255 255 255 255 255 255 255 255 255 255 255 255 255 255 255 255 255 255 255 255 255 255 255 255 255 255 255 255 255 255 255 255 255 255 255 255 255 255 255 255 255 255 255 255 255 255 255 255 255 255 255 255 255 255 255 255 255 255 255 255 255 255 255 255 255 255 255 255 255 255 255 255 255 255 255
255 255 255 255 255 255 255 255 255 255 255 255 255 255 255 255 255 255 255 255 255 255 255 255 255 255 255 255 255 255 255 255 255 255 255 255 255 255 255 255 255 255 255 255 255 255 255 255 255 255 255 255 255 255 255 255 255 255 255 255 255 255 255 255 255 255 255 255 255 255 255 255 255 255 255 255 255 255 255 255 255 255 255 255 255 255 255 255 255 255
255 255 255 255 255 255 255 255 255 255 255 255 255 255 255 255 255 255 255 255 255 255 255 255 255 255 255 255 255 255 255 255 255 255 255 255 255 255 255 255 255 255 255 255 255 255 255 255 255 255 255 255 255 255 255 255 255 255 255 255 255 255 255 255 255 255 255 255 255 255 255 255 255 255 255 255 255 255 255 255 255 255 255 255 255 255 255 255 255 255
255 255 255 255 255 255 255 255 255 255 255 255 255 255 255 255 255 255 255 255 255 255 255 255 255 255 255 255 255 255 255 255 255 255 255 255 255 255 255 255 255 255 255 255 255 255 255 255 255 255 255 255 255 255 255 255 255 255 255 255 255 255 255 255 255 255 255 255 255 255 255 255 255 255 255 255 255 255 255 255 255 255 255 255 255 255 255 255 255 255
255 255 255 255 255 255 255 255 255 255 255 255 255 255 255 255 255 255 255 255 255 255 255 255 255 255 255 255 255 255 255 255 255 255 255 255 255 255 255 255 255 255 255 255 255 255 255 255 255 255 255 255 255 255 255 255 255 255 255 255 255 255 255 255 255 255 255 255 255 255 255 255 255 255 255 255 255 255 255 255 255 255 255 255 255 255 255 255 255 255
255 255 255 255 255 255 255 255 255 255 255 255 255 255 255 255 255 255 255 255 255 255 255 255 255 255 255 255 255 255 255 255 255 255 255 255 255 255 255 255 255 255 255 255 255 255 255 255 255 255 255 255 255 255 255 255 255 255 255 255 255 255 255 255 255 255 255 255 255 255 255 255 255 255 255 255 255 255 255 255 255 255 255 255 255 255 255 255 255 255
255 255 255 255 255 255 255 255 255 255 255 255 255 255 255 255 255 255 255 255 255 255 255 255 255 255 255 255 255 255 255 255 255 255 255 255 255 255 255 255 255 255 255 255 255 255 255 255 255 255 255 255 255 255 255 255 255 255 255 255 255 255 255 255 255 255 255 255 255 255 255 255 255 255 255 255 255 255 255 255 255 255 255 255 255 255 255 255 255 255
255 255 255 255 255 255 255 255 255 255 255 255 255 255 255 255 255 255 255 255 255 255 255 255 255 255 255 255 255 255 255 255 255 255 255 255 255 255 255 255 255 255 255 255 255 255 255 255 255 255 255 255 255 255 255 255 255 255 255 255 255 255 255 255 255 255 255 255 255 255 255 255 255 255 255 255 255 255 255 255 255 255 255 255 255 255 255 255 255 255
255 255 255 255 255 255 255 255 255 255 255 255 255 255 255 255 255 255 255 255 255 255 255 255 255 255 255 255 255 255 255 255 255 255 255 255 255 255 255 255 255 255 255 255 255 255 255 255 255 255 255 255 255 255 255 255 255 255 255 255 255 255 255 255 255 255 255 255 255 255 255 255 255 255 255 255 255 255 255 255 255 255 255 255 255 255 255 255 255 255
255 255 255 255 255 255 255 255 255 255 255 255 255 255 255 255 255 255 255 255 255 255 255 255 255 255 255 255 255 255 255 255 255 255 255 255 255 255 255 255 255 255 255 255 255 255 255 255 255 255 255 255 255 255 255 255 255 255 255 255 255 255 255 255 255 255 255 255 255 255 255 255 255 255 255 255 255 255 255 255 255 255 255 255 255 255 255 255 255 255
255 255 255 255 255 255 255 255 255 255 255 255 255 255 255 255 255 255 255 255 255 255 255 255 255 255 255 255 255 255 255 255 255 255 255 255 255 255 254 255 248 251 255 255 255 253 255 255 255 255 255 255 255 255 255 255 255 255 255 255 255 255 255 255 255 255 255 255 255 255 255 255 255 255 255 255 255 255 255 255 255 255 255 255 255 255 255 255 255 255
255 255 255 255 255 255 255 255 255 255 255 255 255 255 255 255 255 255 255 255 255 255 255 255 255 255 254 255 255 247 240 237 241 237 251 251 253 255 253 255 239 215 224 235 255 228 253 255 255 255 255 255 255 255 255 255 255 255 255 255 255 255 255 255 255 255 255 255 255 255 255 255 255 255 255 255 255 255 255 255 255 255 255 255 255 255 255 255 255 255
255 255 255 255 255 255 255 255 255 255 255 255 255 255 255 255 255 255 255 255 255 246 250 241 237 255 255 255 255 242 231 225 231 218 243 216 198 211 245 255 255 203 203 222 255 217 252 213 231 255 255 255 248 247 255 255 255 255 255 255 255 255 255 255 255 255 255 255 255 255 255 255 255 255 255 255 255 255 255 255 255 255 255 255 255 255 255 255 255 255
255 255 255 255 255 255 255 255 255 255 255 255 255 255 255 255 255 245 242 248 236 203 227 214 208 234 213 180 197 220 254 255 253 246 249 216 189 174 197 207 219 196 210 215 248 255 255 201 215 203 253 255 246 224 214 255 255 255 255 255 255 255 255 255 255 255 255 255 255 255 255 255 255 255 255 255 255 255 255 255 255 255 255 255 255 255 255 255 255 255
255 255 255 255 255 255 255 255 255 255 255 255 255 255 255 255 253 246 243 249 238 220 235 233 232 236 218 185 162 165 189 193 173 180 208 212 254 231 215 213 218 165 137 120 135 154 243 252 245 202 218 218 255 236 206 202 246 255 255 255 255 255 255 255 255 255 255 255 255 255 255 255 255 255 255 255 255 255 255 255 255 255 255 255 255 255 255 255 255 255
255 255 255 255 255 255 255 255 255 255 255 255 255 255 255 255 254 255 255 255 250 247 219 209 181 222 252 252 228 218 214 216 203 200 164 129 139 185 231 255 251 231 205 192 154 72 129 152 253 250 233 198 165 247 247 221 215 203 255 255 255 255 255 255 255 255 255 255 255 255 255 255 255 255 255 255 255 255 255 255 255 255 255 255 255 255 255 255 255 255
255 255 255 255 255 255 255 255 255 255 255 255 255 255 239 198 166 156 144 151 153 140 117 124 113 114 144 107 119 188 177 234 255 251 227 211 204 199 146 89 114 125 206 246 242 202 195 114 107 206 255 240 210 193 209 255 239 207 184 255 255 255 255 255 255 255 255 255 255 255 255 255 255 255 255 255 255 255 255 255 255 255 255 255 255 255 255 255 255 255
255 255 255 255 255 255 255 255 255 255 255 255 255 239 238 218 212 225 222 224 225 222 218 222 222 217 202 191 207 232 216 101 76 68 135 209 243 248 225 205 204 173 92 85 95 240 253 227 199 121 108 166 253 238 165 142 249 247 234 224 213 255 255 255 255 255 255 255 255 255 255 255 255 255 255 255 255 255 255 255 255 255 255 255 255 255 255 255 255 255
255 255 255 255 255 255 255 255 255 255 255 255 255 252 253 251 252 255 236 200 235 255 215 152 125 103 155 200 252 254 252 228 223 214 196 185 61 75 148 215 253 247 228 201 98 72 55 149 253 233 181 57 105 215 241 235 157 135 179 249 247 239 255 255 255 255 255 255 255 255 255 255 255 255 255 255 255 255 255 255 255 255 255 255 255 255 255 255 255 255
255 255 255 255 255 255 255 255 255 255 255 255 255 255 206 126 112 63 52 81 65 41 64 123 150 118 55 61 47 20 49 141 250 254 252 250 240 184 164 78 28 54 129 252 245 241 136 27 27 236 251 236 180 18 41 153 247 179 28 97 250 254 255 255 255 255 255 255 255 255 255 255 255 255 255 255 255 255 255 255 255 255 255 255 255 255 255 255 255 255
255 255 255 255 255 255 255 255 255 254 240 180 152 221 150 165 246 254 254 254 254 254 254 254 254 254 254 254 254 237 186 14 16 20 37 176 241 254 254 255 236 207 114 29 74 157 253 254 133 4 15 254 254 251 215 46 69 195 254 245 103 91 247 255 255 255 255 255 255 255 255 255 255 255 255 255 255 255 255 255 255 255 255 255 255 255 255 255 255 255
255 255 255 255 255 255 255 255 238 147 167 250 255 241 239 246 213 149 141 101 36 93 20 23 57 15 30 31 75 116 224 239 248 158 62 21 19 30 153 217 235 235 248 250 187 35 16 104 232 236 159 20 44 235 237 252 58 18 52 235 252 187 56 207 243 255 255 255 255 255 255 255 255 255 255 255 255 255 255 255 255 255 255 255 255 255 255 255 255 255
255 255 255 255 255 255 255 253 169 240 226 222 242 97 85 154 121 59 90 215 192 191 229 228 231 183 211 137 114 73 100 76 218 240 254 254 246 219 111 51 38 22 143 214 217 225 205 102 37 29 177 219 227 87 45 205 220 238 110 30 185 255 252 97 124 249 255 255 255 255 255 255 255 255 255 255 255 255 255 255 255 255 255 255 255 255 255 255 255 255
255 255 255 255 255 235 255 246 255 221 103 86 186 213 218 213 198 199 200 146 100 57 108 107 126 116 186 160 178 198 198 132 5 123 191 198 198 198 212 216 238 152 64 56 28 50 175 200 232 119 57 52 156 200 189 57 65 213 216 205 59 247 198 220 245 223 254 245 255 255 255 255 255 255 255 255 255 255 255 255 255 255 255 255 255 255 255 255 255 255
255 255 255 255 255 191 255 255 215 208 220 197 189 93 107 76 6 70 84 86 149 154 160 109 79 122 75 75 68 71 63 74 75 80 73 53 22 7 69 148 181 179 195 184 149 80 75 12 126 192 253 192 77 28 167 188 221 125 61 174 202 230 70 69 201 245 252 224 255 255 255 255 255 255 255 255 255 255 255 255 255 255 255 255 255 255 255 255 255 255
255 255 255 255 255 243 194 214 121 158 185 132 125 126 174 155 104 234 173 161 161 161 161 161 175 201 158 160 145 166 157 220 236 255 249 206 140 104 94 94 128 94 128 22 139 161 189 97 94 46 160 161 245 142 94 32 155 209 104 82 48 161 218 95 133 141 181 255 255 255 255 255 255 255 255 255 255 255 255 255 255 255 255 255 255 255 255 255 255 255
255 255 255 252 189 170 158 194 182 254 254 172 148 144 142 144 142 142 21 22 90 86 44 59 90 133 1 2 17 22 38 94 117 142 142 142 142 146 149 144 142 152 232 116 113 107 113 141 230 141 60 2 128 142 221 133 113 132 157 220 113 13 107 182 244 110 34 142 254 255 255 255 255 255 255 255 255 255 255 255 255 255 255 255 255 255 255 255 255 255
255 255 200 214 154 183 249 251 164 133 189 141 126 127 131 132 132 133 132 155 228 221 176 195 203 203 132 132 147 130 131 132 117 75 62 51 63 58 33 3 1 14 108 118 129 119 82 11 129 224 196 134 131 91 87 123 202 197 147 110 135 117 130 49 130 183 135 26 124 202 255 255 255 255 255 255 255 255 255 255 255 255 255 255 255 255 255 255 255 255
255 254 137 221 232 255 148 102 72 122 203 229 194 145 105 107 109 153 104 117 109 104 136 165 103 104 131 105 104 103 105 105 131 112 85 137 192 190 170 151 150 152 157 125 129 87 35 2 26 80 124 182 241 222 151 129 75 105 203 153 76 82 120 152 105 55 106 167 117 63 142 255 255 255 255 255 255 255 255 255 255 255 255 255 255 255 255 255 255 255
255 252 212 250 175 103 113 166 191 219 98 94 90 56 149 133 171 196 169 171 172 167 177 204 157 153 172 162 100 110 69 45 38 39 24 56 85 84 115 87 86 87 86 104 218 207 184 170 155 138 85 44 78 86 215 235 176 153 58 86 185 165 97 85 169 156 9 84 231 147 35 216 255 255 255 255 255 255 255 255 255 255 255 255 255 255 255 255 255 255
255 254 212 95 55 120 223 235 103 62 12 177 201 199 247 207 221 222 209 190 167 67 63 68 69 72 214 221 205 216 191 193 183 182 189 187 189 185 163 89 22 20 1 13 59 63 68 75 188 234 217 185 51 13 54 65 91 244 188 46 59 98 219 168 81 187 190 17 107 239 193 202 255 255 255 255 255 255 255 255 255 255 255 255 255 255 255 255 255 255
255 111 51 99 211 214 121 46 32 190 208 251 131 54 118 41 48 43 44 37 36 7 2 10 8 10 46 52 43 45 43 53 46 47 49 73 125 80 176 199 205 211 206 206 206 133 13 4 33 47 72 230 214 209 207 64 8 49 195 218 160 17 49 213 215 47 57 206 120 47 156 244 255 252 255 255 255 255 255 255 255 255 255 255 255 255 255 255 255 255
64 27 158 238 191 64 35 173 228 252 200 149 12 44 170 128 111 225 225 225 225 224 224 226 225 225 225 226 194 183 129 117 85 59 77 30 12 5 20 26 30 31 31 55 148 204 224 225 142 71 32 28 30 32 199 231 221 92 26 43 197 226 63 25 45 216 144 30 189 217 28 87 255 254 255 255 255 255 255 255 255 255 255 255 255 255 255 255 255 255
19 195 249 78 27 233 244 219 112 32 12 7 215 245 251 230 135 156 52 12 12 12 12 12 12 33 44 39 18 68 41 170 209 202 239 244 243 243 238 235 91 1 0 1 6 10 12 30 113 236 245 243 120 19 9 12 78 229 243 160 9 22 184 161 1 11 208 132 9 58 242 170 55 255 255 255 255 255 255 255 255 255 255 255 255 255 255 255 255 255
254 248 29 28 255 244 76 12 12 80 233 245 248 151 0 17 4 27 10 10 7 18 76 34 21 54 49 23 26 7 7 7 4 14 2 1 15 69 142 227 242 242 247 248 235 206 115 89 21 7 3 155 188 244 248 143 31 6 1 181 228 13 4 132 250 90 4 206 190 31 11 245 194 38 255 255 255 255 255 255 255 255 255 255 255 255 255 255 255 255
210 71 82 243 224 0 21 63 234 233 165 0 16 14 27 119 155 246 240 231 238 230 224 223 214 179 170 188 219 228 230 230 123 79 78 50 25 21 22 22 21 15 14 7 95 185 216 229 232 238 122 47 21 9 5 175 236 232 69 23 101 192 154 24 93 218 142 40 31 229 183 12 196 254 255 255 255 255 255 255 255 255 255 255 255 255 255 255 255 255
27 79 211 115 12 47 218 230 190 26 11 42 89 151 233 201 172 147 93 16 89 25 11 20 26 23 9 4 11 2 1 24 113 167 186 209 210 180 192 196 194 155 148 83 43 25 14 3 18 69 151 187 171 89 80 44 100 64 210 211 67 24 98 201 174 22 126 208 50 11 201 141 25 210 255 255 255 255 250 255 255 255 255 255 255 255 255 255 255 255
107 193 23 42 114 218 186 82 37 64 111 227 189 150 118 7 35 42 98 70 140 140 109 143 165 146 72 60 70 64 51 55 59 64 45 50 31 8 20 53 65 132 167 197 197 147 113 77 8 2 45 60 16 78 173 192 211 83 61 98 187 132 58 32 156 120 58 33 191 86 49 164 163 77 231 255 255 255 234 255 255 255 255 255 255 255 255 255 255 255
177 29 80 171 181 70 25 72 183 225 176 123 9 63 106 101 163 150 215 174 151 174 166 156 136 130 95 115 134 156 133 154 164 167 124 165 122 56 74 79 81 91 86 45 19 99 149 174 63 27 104 166 83 79 58 32 55 170 203 93 19 72 165 159 48 71 172 97 25 106 149 66 157 219 189 255 255 255 255 255 255 255 255 255 255 255 255 255 255 255
35 130 165 103 48 93 147 213 161 99 32 98 114 219 183 155 124 98 107 0 24 53 89 99 92 63 80 69 40 59 38 36 25 26 21 54 67 103 143 153 155 166 121 149 98 52 0 0 107 57 44 61 92 151 115 110 106 72 98 141 76 82 24 138 130 99 67 142 101 70 70 159 91 148 249 255 255 255 255 255 255 255 255 255 255 255 255 255 255 255
102 120 53 116 164 216 157 105 17 105 158 236 177 138 39 20 75 88 144 117 149 148 173 155 133 90 115 104 66 100 67 85 103 132 136 115 119 115 101 93 43 92 77 126 135 91 84 112 51 25 61 85 59 85 55 73 139 140 125 108 90 115 109 98 57 144 163 27 85 131 119 65 216 64 213 241 255 255 255 255 255 255 255 255 255 255 255 255 255 255
83 111 170 246 130 88 27 113 144 211 151 101 40 32 115 157 210 131 146 117 116 76 56 46 14 12 8 10 13 29 22 36 69 97 108 111 118 118 117 147 161 208 146 119 36 20 84 112 68 93 119 59 53 85 62 86 128 86 77 118 142 66 82 146 137 11 126 145 72 35 146 159 119 60 88 237 255 255 255 255 255 255 255 255 255 255 255 255 255 255
165 235 182 98 9 107 160 231 149 78 24 100 151 178 217 133 112 32 20 0 53 124 160 175 161 150 118 68 73 65 92 118 135 129 105 73 3 2 12 59 99 114 121 136 173 153 115 67 22 54 87 60 119 137 78 58 103 121 148 22 77 76 132 35 166 141 9 86 121 138 21 129 175 124 99 125 243 255 255 255 255 255 255 255 255 255 255 255 255 255
226 93 43 21 169 230 201 79 27 14 149 226 247 147 69 21 70 95 170 164 195 175 136 114 81 75 61 36 38 31 45 61 70 67 55 198 175 127 109 75 141 13 11 26 77 102 76 108 163 170 143 46 55 72 105 143 126 46 96 75 143 15 69 72 36 162 166 25 36 128 167 28 108 238 224 87 113 255 255 255 255 255 255 255 255 255 255 255 255 255
53 4 107 199 246 102 43 50 137 195 228 102 60 32 126 194 215 194 154 59 60 39 20 12 46 102 167 167 150 174 112 129 91 96 83 81 65 113 219 173 222 195 187 126 33 8 6 26 57 61 54 76 141 73 78 72 60 113 50 24 51 82 65 136 34 32 109 202 136 20 99 194 86 64 221 219 206 157 255 255 255 255 255 255 255 255 255 255 255 255
1 143 235 165 50 9 124 222 238 172 40 9 35 210 240 186 56 36 22 100 157 166 206 155 119 117 46 38 39 40 25 29 21 22 21 15 1 15 41 35 40 64 57 140 208 211 192 126 81 182 119 61 32 17 61 106 142 50 39 203 124 19 15 38 210 126 11 50 194 179 9 67 223 2 37 225 248 232 255 255 255 255 255 255 255 255 255 255 255 255
211 247 123 14 16 204 238 175 35 15 41 189 234 219 42 17 12 18 205 241 236 86 27 19 13 11 4 58 93 123 142 179 202 215 211 220 171 151 166 111 14 3 2 13 24 57 116 82 10 22 20 97 226 190 37 12 26 66 16 24 135 204 1 2 24 192 201 8 21 160 214 14 157 218 3 22 149 255 255 255 255 255 255 255 255 255 255 255 255 255
254 73 3 62 240 248 61 4 0 171 249 253 69 6 0 131 249 249 165 57 6 2 0 49 168 225 207 179 55 34 10 6 6 6 6 6 5 51 47 60 246 237 204 152 62 1 3 11 224 182 25 3 13 52 178 223 121 2 0 0 3 47 245 178 0 5 115 236 0 4 236 245 4 102 209 18 8 152 255 255 255 255 255 255 255 255 245 255 255 255
52 8 172 250 221 10 7 90 244 246 190 17 6 12 222 245 158 39 4 8 12 53 154 242 112 6 3 7 8 10 33 4 64 7 9 9 8 9 7 7 1 3 40 191 237 238 156 12 8 29 190 242 190 54 11 7 26 173 195 205 93 11 4 126 233 23 6 38 235 12 0 185 154 8 152 247 165 194 245 255 255 255 255 255 255 255 255 255 255 255
14 177 244 144 10 37 163 241 210 48 11 32 148 229 144 38 0 23 104 169 230 210 50 0 19 22 65 132 160 188 136 77 97 138 161 178 154 163 131 156 49 28 29 14 19 20 155 224 173 53 28 11 122 202 212 146 43 28 7 29 217 217 89 16 4 209 134 18 25 211 37 1 167 179 20 84 249 179 64 255 255 255 255 255 255 255 255 255 255 255
140 244 132 4 114 255 213 112 3 46 125 244 201 32 0 6 48 206 211 178 65 1 22 45 178 148 36 13 22 19 34 25 38 36 38 24 22 15 12 136 194 189 197 114 153 46 39 9 103 207 194 96 50 38 9 81 192 190 96 46 3 17 188 135 44 4 167 152 42 1 202 53 9 202 142 2 166 248 249 255 255 255 255 255 255 255 255 255 255 255
254 144 12 83 250 197 29 35 72 242 193 150 2 34 60 87 205 182 21 0 62 70 150 217 193 8 30 65 96 82 134 102 149 138 150 97 91 84 61 61 58 24 4 78 93 154 154 82 101 63 21 156 187 189 92 65 33 13 182 182 75 61 0 115 173 72 24 107 161 67 41 184 86 7 194 74 1 162 252 255 255 255 255 255 255 255 255 255 255 255
170 1 111 254 165 25 0 172 253 173 15 3 85 170 185 163 52 1 60 83 231 207 171 110 14 15 75 122 110 21 9 13 11 7 11 14 20 108 152 153 146 72 51 102 73 49 75 142 170 154 76 75 9 114 171 176 167 83 3 17 165 206 82 0 18 195 146 26 4 184 119 21 163 66 17 176 86 14 161 255 255 255 255 255 255 255 255 255 255 255
5 101 247 173 4 15 104 230 148 12 13 109 252 175 61 1 39 105 208 201 136 67 4 0 66 33 70 94 95 102 100 90 72 87 93 94 90 71 41 78 36 24 88 146 133 112 213 107 71 43 133 143 109 102 42 24 150 156 109 85 5 95 153 104 43 47 155 146 82 29 152 119 5 115 70 15 218 127 43 255 255 255 255 255 255 255 255 255 255 255
112 250 179 29 16 142 244 117 0 73 139 236 141 31 8 108 172 206 131 72 6 11 122 124 199 94 114 128 119 128 125 113 91 109 117 118 112 89 52 104 48 105 123 103 70 34 128 134 149 143 75 15 130 143 167 117 55 16 131 203 119 21 14 132 163 47 6 128 212 31 4 159 111 0 88 82 90 253 175 254 255 255 255 255 255 255 255 255 255 255
244 210 44 64 157 249 104 16 99 208 231 97 9 53 149 239 160 69 0 0 136 152 249 117 107 48 23 10 3 97 81 123 60 96 128 128 110 46 31 12 10 96 115 97 180 138 138 44 57 111 86 136 140 50 110 110 185 104 1 90 114 157 92 2 100 179 56 2 101 159 57 29 199 119 0 75 7 206 254 254 255 255 255 255 255 255 255 255 255 255
252 65 0 203 244 91 0 152 223 216 78 0 129 196 220 94 31 8 158 4 154 94 92 3 0 0 141 156 152 190 97 90 40 64 85 85 74 30 45 137 162 161 162 16 82 92 92 146 158 78 12 95 93 166 145 2 90 131 161 0 4 92 191 141 0 91 193 87 0 86 189 93 67 85 154 110 6 62 222 255 255 255 255 255 255 255 255 255 255 255
75 1 174 247 71 4 178 226 78 57 0 154 240 125 59 0 119 183 250 53 32 0 2 101 179 143 122 84 71 59 20 4 0 0 0 0 1 0 12 63 76 76 108 168 179 155 1 56 103 64 134 111 0 67 136 174 51 104 208 165 57 0 61 180 122 0 74 209 13 0 71 212 48 3 76 229 180 8 61 255 255 255 255 255 255 255 255 255 255 255
2 187 253 60 25 198 205 49 94 0 11 247 170 16 0 35 236 236 56 16 2 113 198 220 95 45 18 4 20 116 164 151 176 177 178 164 163 171 158 149 36 4 10 51 57 108 194 45 9 9 43 60 152 79 22 143 140 200 43 53 132 150 2 36 198 101 0 54 200 70 0 54 201 120 1 57 252 200 107 97 255 255 255 255 255 255 255 255 255 255
192 253 65 4 212 245 30 89 229 0 104 247 34 0 11 221 239 35 0 0 111 237 150 37 7 13 199 205 213 190 89 38 34 34 35 32 32 33 93 94 121 192 196 55 4 11 92 210 212 48 30 27 32 66 196 93 24 38 210 56 59 119 213 0 31 200 88 0 52 218 176 0 40 236 101 0 90 252 237 122 248 255 255 255 255 255 255 255 255 255
253 207 2 79 253 58 5 243 109 11 244 33 1 1 149 94 18 0 18 212 208 46 10 0 121 223 189 35 19 15 5 4 0 10 5 39 26 13 6 6 10 18 18 129 218 213 235 19 127 79 3 161 224 14 18 218 128 3 19 217 83 8 55 180 23 17 210 133 1 19 239 86 0 75 244 4 5 81 254 243 57 255 255 255 255 255 255 255 255 255
255 16 0 206 152 0 196 196 1 55 254 0 0 238 248 0 0 9 66 149 1 0 2 192 195 1 1 0 3 77 222 236 211 190 217 185 195 218 185 195 206 130 15 1 1 89 252 51 1 38 85 1 1 223 84 1 152 252 181 5 224 96 0 131 232 33 1 249 140 0 4 243 52 0 195 238 6 0 50 255 254 255 255 255 255 255 253 255 255 255
182 8 164 191 0 54 254 102 12 203 109 0 17 249 75 0 21 254 170 0 1 29 212 167 0 1 14 88 223 172 41 0 0 0 0 0 0 0 2 1 0 41 178 124 25 13 35 103 197 25 44 168 15 10 207 186 16 118 228 21 11 206 63 0 168 213 11 11 226 159 14 11 238 25 0 163 244 33 5 146 254 255 255 255 255 255 255 255 255 255
1 129 243 42 6 235 206 1 192 238 0 7 222 205 0 16 180 206 5 0 39 231 91 0 13 48 198 164 21 0 30 24 17 26 26 32 28 2 29 22 30 3 0 8 182 173 204 13 2 190 89 79 191 159 17 50 209 59 31 189 73 1 190 35 5 107 155 36 14 238 162 29 64 220 36 1 158 249 91 3 211 255 255 255 255 255 255 255 255 255
49 239 159 10 86 252 6 13 243 122 0 90 252 35 14 144 247 0 0 31 228 157 0 12 122 200 142 0 2 44 196 140 123 150 146 161 168 46 7 20 166 35 36 5 0 31 175 98 32 3 169 85 6 185 141 7 16 196 71 5 186 51 4 180 81 4 99 219 23 106 35 173 37 50 221 50 6 169 245 66 26 249 255 254 255 255 255 255 255 255
193 194 29 45 243 187 0 112 214 13 33 251 180 0 86 246 156 0 4 163 160 0 14 108 179 45 0 52 15 147 112 22 107 14 0 0 40 122 36 13 0 56 119 63 37 0 0 85 139 33 0 174 90 3 148 79 19 9 189 72 0 156 65 4 175 72 2 141 145 0 79 47 127 38 121 215 89 4 150 248 122 236 255 251 255 255 255 246 255 255
180 34 1 110 241 34 15 227 121 0 156 251 17 0 166 175 0 2 73 162 5 14 114 156 22 1 56 116 20 0 35 45 76 9 0 0 17 20 29 30 58 1 0 107 97 76 17 0 73 137 38 10 153 94 11 124 63 43 23 129 58 11 151 64 13 134 77 4 154 65 23 93 9 162 2 127 244 77 1 203 254 255 255 250 255 255 255 233 255 255
147 1 61 244 184 0 126 193 33 35 239 185 0 55 223 51 0 12 196 46 7 107 141 6 0 86 174 1 67 75 110 115 134 33 58 18 26 32 3 2 92 40 33 0 22 122 125 5 0 103 133 45 0 208 65 23 33 114 18 21 147 56 23 106 41 2 189 49 7 192 29 112 54 126 97 0 164 216 33 63 205 255 255 255 255 255 255 252 255 255
11 0 179 236 55 22 233 99 0 156 242 53 0 185 189 0 1 131 128 0 102 118 12 0 108 208 177 1 77 86 62 51 45 42 66 68 80 0 4 22 0 44 55 58 0 3 112 117 14 1 95 166 2 81 55 88 81 53 84 59 64 102 21 5 103 27 86 167 26 101 141 6 75 17 150 44 29 178 156 1 72 247 255 255 255 255 255 254 255 253
1 91 229 105 0 162 225 13 45 244 185 0 54 245 70 0 67 231 15 0 156 17 0 121 232 127 65 0 0 0 0 2 0 19 56 40 67 98 6 18 45 18 15 49 95 10 0 166 133 0 10 151 114 0 14 51 144 116 54 156 9 35 105 19 47 142 31 99 164 0 91 133 18 93 38 143 8 46 222 125 7 230 255 255 255 255 254 255 255 253
1 212 218 8 36 253 121 0 173 250 54 0 179 189 7 4 192 79 0 43 51 0 44 195 168 20 0 27 134 72 78 105 10 2 36 87 0 62 129 5 27 104 39 0 71 154 0 44 180 128 0 33 230 0 8 68 46 176 50 74 116 36 53 128 0 72 144 4 162 120 0 176 23 59 126 64 129 0 87 241 127 134 255 249 255 255 254 253 255 255
12 249 130 4 196 244 19 26 246 164 1 28 242 56 0 78 237 0 0 153 2 7 181 58 35 0 45 169 179 95 165 131 142 20 1 58 6 1 162 135 0 40 127 77 6 78 161 1 45 184 116 0 99 96 0 112 0 45 143 0 48 132 0 54 48 0 120 59 32 209 11 42 131 4 118 0 145 120 6 200 237 190 255 252 254 255 255 243 255 255
187 254 51 85 254 157 0 184 244 34 24 66 74 11 0 165 183 0 2 156 0 126 197 2 0 65 158 225 38 18 37 25 42 167 50 107 2 3 35 180 110 0 31 192 3 4 88 81 0 38 216 0 9 213 0 24 139 0 34 99 0 86 117 1 130 33 19 170 93 44 187 2 105 145 18 0 26 202 8 53 255 250 255 255 252 250 255 252 255 253
252 234 5 214 244 18 0 232 126 1 175 10 124 1 0 214 59 0 166 24 59 220 66 0 0 164 167 30 1 0 10 0 1 36 8 147 138 1 1 35 206 55 2 119 155 0 7 160 18 0 71 163 19 93 100 0 49 103 0 96 19 9 153 0 19 144 0 38 212 0 151 74 12 177 104 0 0 207 126 3 170 255 255 255 250 247 255 255 255 235
255 97 101 243 216 0 181 246 6 136 172 3 195 0 30 189 2 0 209 0 86 219 3 0 143 154 9 0 0 68 1 77 30 1 0 103 189 34 0 1 123 166 0 6 181 75 0 44 201 7 3 168 3 4 199 0 2 143 8 5 113 0 10 170 0 38 98 1 167 1 8 222 5 21 170 173 1 181 245 58 11 236 255 255 255 238 198 255 255 248
252 5 177 243 11 18 235 170 1 203 3 9 225 0 110 134 0 96 65 0 209 111 0 3 235 29 1 55 139 202 1 0 212 4 0 0 158 192 0 0 4 213 21 0 16 181 1 0 138 121 13 141 161 0 115 113 0 4 188 1 12 49 0 181 10 0 208 2 17 216 1 73 233 1 18 249 24 0 221 246 3 161 255 254 255 253 223 252 255 255
56 2 214 243 0 88 252 43 63 223 1 72 126 0 149 114 0 194 11 0 242 15 0 204 123 0 71 80 0 46 17 0 63 104 0 0 0 222 35 0 6 156 201 0 0 113 89 0 2 220 0 8 210 3 0 144 14 0 89 64 0 105 15 1 126 1 70 156 0 159 78 0 221 65 0 186 178 5 44 226 226 225 252 255 255 251 251 232 251 255
36 32 247 189 0 197 217 0 148 183 0 199 141 0 202 87 6 155 0 0 221 0 0 192 6 0 125 2 0 4 64 0 18 204 0 0 3 180 110 0 56 33 203 12 0 4 176 0 0 140 21 0 116 53 0 27 164 0 0 168 8 41 114 0 148 34 3 209 18 0 211 19 71 159 29 0 218 80 2 127 255 253 250 255 254 249 255 214 242 255
1 122 254 115 21 219 157 0 225 91 2 233 62 0 225 114 11 113 0 18 188 0 0 192 1 0 164 0 1 57 150 0 75 213 1 0 0 156 146 0 19 0 156 92 0 0 142 15 0 46 138 0 2 192 0 0 144 21 0 122 84 0 109 24 2 162 0 96 140 0 196 148 2 219 192 2 154 233 47 6 237 245 253 255 247 240 255 243 252 255
28 238 252 137 72 237 94 13 235 41 19 237 49 0 224 128 1 50 0 80 165 0 0 189 4 0 174 55 9 115 175 0 0 145 3 2 6 154 202 0 69 0 19 154 0 0 16 92 0 4 159 0 0 176 60 0 10 122 2 8 193 20 23 126 0 159 17 3 213 0 125 239 25 94 228 10 4 207 183 34 142 249 254 251 253 230 244 255 254 252
145 242 155 81 42 250 4 75 235 22 51 237 11 2 232 106 2 165 0 100 160 0 0 170 17 0 113 158 11 0 156 0 0 205 6 4 18 54 204 0 32 2 0 174 0 0 0 187 0 0 106 0 0 86 205 17 0 153 8 0 149 90 0 174 64 120 108 0 125 68 0 195 110 1 160 107 12 86 225 150 92 252 229 226 255 230 228 255 255 248
245 205 65 25 72 241 8 139 252 0 104 248 9 2 234 139 2 179 0 103 191 0 0 186 31 0 16 69 0 53 105 0 0 211 9 0 26 2 210 0 72 3 1 210 0 0 0 215 0 0 62 43 4 36 121 97 0 52 78 0 48 165 0 92 142 84 205 59 48 196 7 75 199 28 42 236 112 3 206 232 197 251 217 215 249 244 246 253 255 252
254 92 189 112 124 237 10 199 253 0 144 251 8 0 234 116 0 182 0 68 210 0 0 163 57 0 0 0 6 184 25 0 26 211 0 0 45 0 193 7 127 0 0 233 0 0 0 190 15 0 23 101 20 103 1 134 0 7 179 0 0 215 0 4 151 1 163 182 30 195 121 3 217 153 0 207 230 5 94 241 252 242 250 242 226 254 251 253 255 251
238 129 247 188 166 197 3 244 238 0 126 252 4 0 236 75 0 204 8 20 209 0 0 60 151 0 0 23 154 114 6 0 111 188 0 66 39 0 146 13 49 0 0 189 0 0 0 145 31 0 9 139 12 69 0 66 64 0 141 13 0 209 0 0 188 4 50 229 33 70 231 0 100 234 17 75 237 114 4 214 244 234 255 253 229 255 254 255 255 250
246 235 255 114 124 207 0 227 201 0 145 250 0 0 241 131 0 231 28 0 186 56 0 1 210 0 0 57 236 9 0 0 207 58 0 151 39 0 156 27 5 0 68 104 0 59 0 125 126 0 7 110 0 6 17 12 164 0 34 43 0 119 3 0 180 12 3 170 82 40 230 152 14 229 159 0 185 224 142 178 239 241 255 247 250 255 255 255 255 253
