255 255 255 255 255 255 255 255 255 255 255 255 255 255 255 255 255 255 255 255 255 255 255 255 255 255 255 255 255 255 255 255 255 255 255 255 255 255 255 255 255 255 255 255 255 255 255 254 255 255 255 255 255 255 255 255 255 255 255 255 255 255 255 255 255 255 255 255 255 255 255 255 255 255 255 255 255 255 255 255 255 255 255 255 255 255 255 255 255 255
255 255 255 255 255 255 255 255 255 255 255 255 255 255 255 255 255 255 255 255 255 255 255 255 255 255 255 255 255 255 255 255 255 255 251 255 247 254 255 246 255 255 251 248 255 250 245 250 255 251 249 255 255 255 255 255 255 255 255 255 255 255 255 255 255 255 255 255 255 255 255 255 255 255 255 255 255 255 255 255 255 255 255 255 255 255 255 255 255 255
255 255 255 255 255 255 255 255 255 255 255 255 255 255 255 255 255 255 255 255 255 255 255 255 255 255 255 255 255 255 245 253 255 247 243 245 226 251 243 218 255 249 225 236 250 220 232 254 249 233 218 239 246 238 239 239 248 254 255 255 247 255 255 255 255 255 255 255 255 255 255 255 255 255 255 255 255 255 255 255 255 255 255 255 255 255 255 255 255 255
255 255 255 255 255 255 255 255 255 255 255 255 255 255 255 255 255 255 255 255 255 255 255 255 255 255 255 255 255 248 228 252 234 240 253 217 237 245 208 225 243 207 204 246 208 204 255 227 209 207 207 225 238 224 225 225 229 218 233 253 240 255 254 252 255 255 255 255 255 255 255 255 255 255 255 255 255 255 255 255 255 255 255 255 255 255 255 255 255 255
255 255 255 255 255 255 255 255 255 255 255 255 255 255 255 255 255 255 255 255 255 255 255 255 242 234 255 247 255 246 243 228 214 253 212 223 253 194 216 243 196 179 232 194 183 241 218 168 196 220 242 223 210 206 217 254 239 198 184 206 235 227 254 250 250 254 255 255 250 255 251 245 254 255 255 255 255 255 255 255 255 255 255 255 255 255 255 255 255 255
255 255 255 255 255 255 255 255 255 255 255 255 255 255 255 255 255 255 255 255 255 249 255 255 214 232 255 206 225 255 225 181 241 194 166 248 209 157 243 183 174 229 190 150 234 207 169 189 242 228 188 164 171 191 185 207 210 203 214 200 176 228 252 233 250 248 245 255 249 240 251 246 242 254 255 255 255 255 255 255 255 255 255 255 255 255 255 255 255 255
255 255 255 255 255 255 255 255 255 255 255 255 255 255 255 255 255 255 255 255 249 219 255 213 186 253 219 174 234 235 174 216 198 131 220 191 136 214 174 127 228 172 134 217 204 128 173 242 188 150 151 213 222 241 231 222 223 136 232 247 139 237 247 192 254 239 215 245 254 244 246 255 245 253 255 255 255 255 255 255 255 255 255 255 255 255 255 255 255 255
255 255 255 255 255 255 255 255 255 255 255 255 255 255 255 255 255 255 255 255 204 213 243 166 227 227 166 193 254 171 147 249 144 132 248 120 174 215 120 182 172 100 203 226 119 129 188 151 128 190 227 230 145 148 172 254 255 175 153 209 194 161 246 230 182 249 239 182 249 255 208 226 254 248 233 255 253 255 255 255 255 255 255 255 255 255 255 255 255 255
255 255 255 255 255 255 255 255 255 255 255 255 255 255 255 255 247 231 255 192 179 246 182 153 253 163 142 224 195 119 206 197 114 224 145 111 239 121 154 197 103 118 207 120 100 228 117 90 206 228 146 145 167 179 182 158 178 243 182 182 241 202 164 255 172 175 250 211 187 255 240 240 251 253 247 255 226 254 255 255 255 255 255 255 255 255 255 255 255 255
255 255 255 255 255 255 255 255 255 255 255 255 255 255 255 241 215 250 230 162 199 255 145 178 255 129 145 233 128 104 227 129 161 209 87 226 132 89 241 122 114 231 114 104 230 164 75 156 175 124 142 233 244 247 245 235 131 245 246 153 124 246 171 183 243 229 165 251 241 255 255 254 216 255 255 240 249 237 255 255 255 255 255 255 255 255 255 255 255 255
255 255 255 255 255 255 255 255 255 255 255 255 255 255 255 212 250 254 158 153 249 205 128 248 175 121 222 116 102 218 139 113 247 102 111 246 81 133 148 144 159 130 161 224 218 92 159 228 100 226 222 141 122 106 134 254 240 129 188 245 96 160 248 169 187 254 132 226 255 255 193 255 251 213 255 228 249 253 229 255 255 255 255 255 255 255 255 255 255 255
255 255 255 255 255 255 255 255 255 255 255 255 255 255 255 233 255 173 138 213 241 124 184 255 113 149 211 92 106 255 110 132 211 111 240 99 92 226 61 83 250 61 143 221 116 176 254 85 138 111 84 117 113 211 110 119 246 249 158 238 203 122 199 229 124 233 211 115 192 255 173 183 255 211 232 255 202 254 219 225 255 255 255 255 255 255 255 255 255 255
255 255 255 255 255 255 255 255 255 255 255 255 255 255 244 255 240 151 174 252 140 138 255 137 110 248 105 88 166 146 94 202 106 119 219 73 109 186 60 190 79 88 218 61 138 243 83 101 114 175 245 126 255 249 195 159 218 252 134 209 254 205 101 249 231 113 246 222 131 248 255 144 242 246 176 251 255 206 255 249 242 255 255 255 255 255 255 255 255 255
255 255 255 255 255 255 255 255 255 255 255 255 255 255 230 251 172 156 248 215 143 230 240 129 172 233 86 91 251 82 91 177 80 213 62 63 231 79 67 183 60 205 73 132 226 111 96 207 248 237 115 77 246 159 154 155 169 211 200 219 230 243 138 145 254 168 149 245 166 130 252 233 170 248 171 185 253 253 244 254 253 253 255 255 255 255 255 255 255 255
255 255 255 255 255 255 255 255 255 255 255 255 255 255 255 216 144 205 236 132 181 242 136 103 252 155 128 123 220 71 192 80 105 230 67 103 185 66 97 88 50 57 109 228 81 202 254 233 172 140 105 116 168 213 96 224 148 228 234 186 120 185 242 149 235 252 119 166 254 116 210 255 170 189 249 174 220 255 179 233 255 255 255 255 255 255 255 255 255 255
255 255 255 255 255 255 255 255 255 255 255 255 255 255 247 159 172 254 160 126 240 169 113 166 226 95 84 144 151 87 237 77 180 144 65 221 64 72 184 70 48 78 224 109 108 238 213 127 79 166 193 227 136 62 58 219 222 141 215 255 109 117 251 196 191 206 192 115 229 173 124 243 194 133 233 231 153 238 218 160 239 255 255 255 255 255 255 255 255 255
255 255 255 255 255 255 255 255 255 255 255 255 255 255 219 134 243 243 140 173 251 105 137 235 139 145 88 148 118 82 225 74 224 70 102 167 48 129 145 111 55 182 169 74 229 195 106 73 114 203 67 113 234 61 46 212 233 134 121 247 176 100 254 211 222 112 215 110 138 255 127 184 246 170 164 254 154 181 255 188 202 243 255 255 255 255 255 255 255 255
255 255 255 255 255 255 255 255 255 255 255 255 253 255 191 149 255 185 117 230 199 98 155 212 125 227 79 181 77 122 165 110 127 72 176 81 44 161 40 113 139 152 54 144 235 67 85 138 61 251 61 34 184 58 56 202 151 60 122 171 243 93 219 180 163 173 139 167 88 191 172 134 229 231 162 240 209 156 227 245 182 200 255 255 255 255 255 255 255 255
255 255 255 255 255 255 255 255 255 255 255 255 251 255 157 180 247 125 137 254 115 108 233 115 116 207 65 211 74 212 134 113 52 107 120 123 90 95 36 78 248 65 93 243 116 43 153 231 37 215 64 59 141 57 67 255 74 59 238 82 251 83 158 249 93 252 113 199 84 101 229 151 151 255 206 177 253 192 172 255 187 160 244 255 255 255 255 255 255 255
255 255 255 255 255 255 255 255 255 255 255 255 254 214 148 230 201 107 204 195 103 159 226 74 172 112 73 211 57 213 86 65 66 159 35 71 199 58 30 172 116 36 191 171 36 128 134 172 22 150 131 90 222 93 126 255 72 49 255 53 234 119 124 251 64 239 91 126 175 93 227 205 119 233 236 134 244 229 136 248 244 179 222 255 255 255 255 255 255 255
255 255 255 255 255 255 255 255 255 255 255 255 255 158 190 255 133 106 248 127 111 231 136 84 242 55 106 164 87 106 158 30 132 85 29 63 245 32 58 227 12 96 249 52 102 202 30 201 9 165 96 139 250 93 183 255 138 56 255 34 186 120 92 251 65 212 70 65 250 86 132 249 108 149 250 116 190 246 187 206 255 235 195 255 255 255 255 255 255 255
255 255 255 255 255 255 255 255 255 255 255 255 255 141 239 220 97 151 218 84 147 240 80 96 161 34 149 85 56 115 115 23 222 36 41 167 122 16 190 124 17 220 109 16 220 78 15 220 2 146 60 96 255 53 201 255 77 72 255 44 192 136 61 254 143 224 154 79 185 87 101 241 146 119 255 202 119 255 238 154 200 255 171 247 255 255 255 255 255 255
255 255 255 255 255 255 255 255 255 255 255 255 191 209 254 115 106 236 132 66 235 165 51 221 57 22 223 24 40 202 27 45 148 9 53 240 18 2 251 20 143 255 14 104 197 6 183 70 1 189 70 49 255 37 196 255 27 76 253 13 216 93 31 255 108 177 227 48 144 146 120 205 222 131 255 252 80 236 253 131 167 255 236 252 255 255 255 255 255 255
255 255 255 255 255 255 255 255 255 255 255 255 160 251 233 97 106 254 75 101 254 59 61 251 16 30 166 2 209 41 9 168 30 0 97 251 5 0 210 0 222 56 1 227 32 3 251 8 26 248 10 100 136 5 170 223 26 86 69 1 173 175 30 255 60 46 252 38 217 242 74 149 238 85 135 227 90 139 255 134 122 255 248 255 249 255 255 255 255 255
255 255 255 255 255 255 255 255 255 255 255 248 87 255 196 72 139 249 42 202 147 34 163 75 9 179 28 92 70 2 1 249 9 10 245 230 189 6 215 0 115 2 61 254 1 36 236 56 236 203 2 237 13 0 175 189 2 9 31 0 176 162 2 255 69 5 240 149 65 255 85 83 254 63 48 252 63 61 255 161 120 249 144 255 254 255 255 255 255 255
255 255 255 255 255 255 255 255 255 255 255 214 93 255 181 44 207 202 41 254 39 13 247 0 3 149 3 216 67 237 0 225 38 31 254 117 224 0 229 1 0 0 242 172 0 246 5 164 255 56 71 255 7 0 251 179 1 48 94 0 167 194 39 255 169 17 231 154 19 255 77 31 254 73 19 223 182 70 227 202 86 249 142 125 255 255 255 255 255 255
255 255 255 255 255 255 255 255 255 255 255 239 223 254 57 171 252 47 49 173 2 111 139 0 121 3 114 22 128 88 0 181 2 37 234 0 200 0 63 112 0 32 236 10 19 201 0 162 248 0 113 253 2 19 255 142 0 235 97 3 197 112 6 242 56 0 171 121 0 255 42 0 183 250 53 173 255 108 152 252 55 155 179 71 241 255 255 255 255 255
255 255 255 255 255 255 255 255 255 255 252 77 246 218 27 78 251 6 162 99 23 240 3 2 171 0 181 2 179 7 1 87 1 50 169 0 172 0 0 148 0 22 13 127 239 46 37 254 153 37 254 230 6 178 255 119 0 255 47 33 254 140 0 230 9 0 75 117 12 252 77 3 139 254 86 149 255 99 56 255 84 54 250 76 214 255 255 255 255 255
255 255 255 255 255 255 255 255 255 255 236 133 255 44 2 142 227 29 234 8 56 216 0 34 87 0 188 0 253 11 38 61 0 9 0 0 82 7 0 108 0 0 26 162 233 214 247 255 79 245 255 216 44 254 255 121 0 255 48 17 245 207 0 95 55 0 55 14 56 211 204 12 46 255 31 91 255 73 116 230 160 29 193 153 125 252 255 255 255 255
255 255 255 255 255 255 255 255 255 255 199 193 233 1 31 208 157 6 241 0 78 107 0 169 14 8 125 0 252 30 155 77 1 4 59 0 0 71 0 55 0 0 83 4 180 91 255 181 99 255 250 170 120 255 255 180 2 255 46 40 218 201 1 108 243 0 79 104 5 96 255 48 5 255 48 13 255 70 129 131 253 42 67 252 114 222 255 255 255 255
255 255 255 255 255 255 255 255 255 255 147 255 129 0 141 255 36 86 254 0 167 1 0 224 0 65 92 0 241 0 140 28 0 0 149 0 0 177 0 18 0 0 1 1 1 116 223 4 249 255 176 214 253 255 255 54 24 255 70 5 240 255 0 59 203 0 117 234 9 0 255 79 2 255 176 26 254 65 218 122 185 164 37 200 213 136 255 255 255 255
255 255 255 255 255 255 255 255 255 255 255 255 36 0 226 225 167 224 154 0 200 0 0 231 0 149 72 3 228 0 120 0 18 0 44 106 0 120 45 0 0 60 22 97 63 135 94 89 255 200 75 252 142 255 181 0 51 255 62 0 240 255 0 60 179 0 51 170 0 0 255 61 3 153 237 0 224 64 149 177 39 255 69 91 255 59 255 255 255 255
255 255 255 255 255 255 255 255 255 255 255 241 18 71 255 130 163 255 32 72 163 0 29 185 0 188 105 13 211 0 165 0 39 9 8 237 0 7 64 130 131 196 107 218 69 148 0 220 255 63 169 172 4 255 42 0 24 255 39 0 159 255 1 138 154 0 9 138 0 0 212 0 61 15 252 5 168 48 61 151 2 226 44 26 255 109 252 255 255 255
255 255 255 255 255 255 255 255 255 255 255 129 0 59 255 88 103 252 13 140 90 0 91 67 0 231 47 26 208 0 180 0 16 108 0 206 111 0 12 104 216 104 66 90 17 223 0 224 192 59 255 41 147 205 3 81 1 255 14 1 39 255 2 203 35 0 72 103 0 65 124 0 164 2 177 22 71 148 5 183 20 184 156 1 198 220 236 255 255 255
255 255 255 255 255 255 255 255 255 252 255 167 42 102 250 40 168 219 0 171 15 0 147 3 0 253 0 21 202 0 197 0 0 207 0 147 220 25 0 0 64 0 0 0 171 70 7 241 50 164 250 5 251 87 109 142 2 240 33 166 0 250 27 245 56 0 94 159 0 163 83 0 223 0 60 162 12 213 18 247 46 198 246 30 117 255 217 255 255 255
255 255 255 255 255 255 255 255 255 138 255 59 18 188 211 3 187 54 0 195 0 0 205 0 2 254 0 68 233 0 62 19 0 227 0 34 224 64 3 32 0 0 0 93 179 0 189 205 26 240 194 184 255 17 207 39 51 140 12 132 12 250 11 171 100 0 133 221 68 234 82 0 226 0 11 248 33 242 21 220 24 132 255 12 43 255 244 255 255 255
255 255 255 255 255 255 255 255 255 207 255 5 0 228 108 3 240 0 2 244 23 0 201 0 1 240 0 18 253 4 3 70 0 95 131 0 43 85 22 214 72 5 111 227 30 34 255 158 213 255 157 254 255 1 249 1 201 21 52 31 86 247 0 42 37 0 218 64 36 192 47 0 247 111 8 255 8 239 63 83 5 24 255 66 5 255 255 255 255 255
255 255 255 255 255 255 255 255 255 152 255 1 46 252 10 52 245 0 168 255 3 0 149 0 0 173 31 0 251 22 0 153 0 12 244 7 0 22 3 236 189 192 199 51 0 215 110 18 255 165 22 255 170 77 251 89 249 0 182 2 12 160 0 37 20 0 250 3 3 235 64 0 213 81 16 255 0 172 54 34 150 54 226 210 23 147 255 255 255 255
255 255 255 255 255 255 255 255 255 250 233 50 61 247 0 27 230 0 9 255 0 7 212 0 40 118 163 0 66 218 0 138 13 0 156 200 0 1 0 144 143 145 222 3 123 254 5 57 255 7 222 232 7 245 75 52 213 0 244 0 58 162 0 171 111 22 250 0 11 240 54 0 131 120 9 255 1 202 58 45 247 17 206 254 86 140 255 255 255 255
255 255 255 255 255 255 255 255 255 255 94 15 184 106 163 210 249 0 0 255 2 3 203 0 52 90 106 65 19 255 14 6 121 0 8 249 38 11 7 0 4 16 3 67 252 219 2 253 202 39 255 208 27 253 0 201 143 4 158 0 183 173 0 44 13 6 106 103 23 24 167 0 186 239 13 255 37 212 120 0 255 10 21 255 194 52 253 255 255 255
255 255 255 255 255 255 255 255 255 255 76 1 253 56 0 118 245 0 0 252 0 0 64 0 46 88 0 214 6 243 61 0 65 2 0 68 37 72 254 19 9 106 143 247 141 3 84 240 22 134 248 4 223 167 14 242 0 51 27 0 229 86 19 254 37 141 248 254 236 231 206 0 99 230 10 254 3 83 139 0 246 191 52 244 195 17 175 255 255 255
255 255 255 255 255 255 255 255 255 255 17 2 252 8 1 132 212 0 14 255 2 0 160 0 0 162 0 255 0 131 153 0 103 42 0 0 99 192 204 103 91 255 249 165 0 69 255 87 9 252 157 72 249 12 126 134 0 200 0 12 148 0 60 248 14 19 168 248 57 16 227 0 85 215 0 248 42 8 204 0 144 222 48 134 255 121 84 255 255 255
255 255 255 255 255 255 255 255 255 255 15 16 255 61 5 152 225 0 70 255 26 0 244 0 14 246 0 249 0 0 250 0 145 128 1 58 6 0 0 1 158 225 171 1 18 255 203 40 100 207 0 247 167 2 225 66 12 223 0 98 156 16 135 245 17 139 35 240 11 58 197 8 38 217 0 244 114 24 255 0 21 255 11 0 244 180 255 255 255 255
255 255 255 255 255 255 255 255 255 255 62 30 210 248 0 116 243 5 30 255 50 9 255 0 35 254 1 201 5 0 246 10 0 28 2 237 96 0 0 2 0 120 10 44 131 201 30 183 255 40 18 254 4 73 254 0 112 121 0 211 0 126 11 221 0 237 0 252 63 163 255 31 53 234 0 244 97 0 255 4 8 236 80 0 193 252 255 255 255 255
255 255 255 255 255 255 255 255 255 255 62 12 69 253 55 47 254 104 86 255 32 20 255 0 0 255 2 113 96 0 236 53 0 130 1 145 243 0 9 103 100 62 51 177 195 52 52 239 251 1 132 250 1 228 167 2 241 0 53 156 5 216 15 164 0 237 0 255 86 0 255 25 68 219 0 221 189 0 249 71 0 134 198 1 130 255 255 255 255 255
255 255 255 255 255 248 255 255 255 255 151 113 1 242 163 49 254 235 172 247 96 4 237 1 0 253 0 66 233 0 139 94 0 117 1 0 133 58 12 139 196 6 154 225 55 7 190 250 135 6 252 137 64 251 17 38 170 0 180 17 38 95 16 111 0 209 0 247 98 0 254 16 65 240 0 197 230 0 210 173 0 19 255 83 73 255 255 255 255 255
255 255 255 255 255 248 255 255 255 253 240 244 125 244 217 91 255 152 61 193 116 0 200 113 0 242 112 25 250 1 20 160 0 12 4 97 6 179 43 3 59 0 165 89 3 140 255 122 5 116 183 9 200 131 0 115 46 18 244 0 132 29 28 45 0 191 0 207 148 0 237 3 50 209 0 181 251 3 122 222 0 0 255 82 60 255 255 255 255 255
255 255 255 255 255 255 255 255 255 254 245 252 90 187 250 115 230 185 0 160 197 0 226 227 0 231 237 1 249 126 0 141 153 37 3 211 0 108 182 148 23 0 60 0 146 252 100 6 134 221 48 52 251 13 0 201 2 96 253 7 229 94 147 5 0 199 0 141 151 0 209 1 63 67 0 63 247 111 46 255 18 0 243 49 82 255 255 255 255 255
255 255 255 255 255 255 255 255 255 219 195 253 10 46 254 86 114 251 4 74 255 0 119 243 0 159 255 0 147 239 1 31 219 178 0 107 0 11 79 77 12 7 141 120 207 161 0 65 243 97 0 189 98 0 70 247 170 217 108 4 234 43 232 36 0 234 27 191 158 0 203 1 101 0 14 16 120 201 10 254 9 0 193 160 30 255 255 255 255 255
255 255 255 255 255 255 255 255 255 138 41 255 36 0 217 78 17 255 16 8 247 0 14 252 16 35 252 0 25 250 31 0 50 249 0 48 3 49 56 1 8 193 236 104 47 29 0 213 138 9 5 246 7 0 214 254 139 244 10 88 143 0 249 13 45 227 38 248 232 74 237 10 116 2 36 23 16 209 0 101 144 0 74 221 0 255 255 255 255 255
255 255 255 255 255 255 255 255 255 96 0 254 154 0 183 220 0 254 103 0 228 39 0 254 79 1 173 137 0 71 216 55 0 70 209 219 1 111 224 191 213 136 49 14 5 205 184 166 17 0 195 59 0 140 224 191 229 204 0 160 53 0 235 0 113 116 11 255 244 52 254 202 208 148 60 76 0 247 108 27 242 0 68 250 0 255 255 255 255 255
255 255 255 255 255 255 255 255 255 29 0 253 246 10 105 254 1 133 195 0 121 132 117 184 239 0 25 211 0 3 90 225 11 3 27 250 20 19 36 44 54 11 1 0 82 254 217 15 0 119 186 2 0 223 58 30 255 22 0 206 4 0 174 0 28 22 1 213 32 4 235 112 142 247 96 19 8 255 242 162 255 144 137 255 189 255 255 255 255 255
255 255 255 255 255 255 255 255 255 198 0 255 246 0 56 255 0 13 254 0 74 235 3 5 241 194 0 243 213 0 2 70 239 0 0 6 202 0 0 1 1 111 226 183 215 138 6 0 164 252 5 0 0 241 1 32 241 0 0 225 0 70 142 0 81 40 0 247 0 0 136 3 3 248 137 228 243 255 255 253 255 252 252 255 254 255 255 255 255 255
255 255 255 255 255 255 255 255 255 254 0 237 255 5 222 254 77 5 253 79 5 252 36 0 31 235 4 5 249 10 0 0 214 187 132 8 1 7 14 210 246 236 227 121 54 0 3 1 249 47 0 2 234 12 0 240 148 0 41 182 0 201 123 23 229 82 0 243 48 0 225 56 0 250 35 89 23 255 7 108 255 255 247 255 255 255 255 255 255 255
255 255 255 255 255 255 255 255 255 241 8 49 255 47 3 222 238 98 240 148 0 175 236 27 10 213 110 0 130 141 0 2 2 0 122 150 24 5 167 195 84 0 17 7 0 0 85 30 112 0 0 64 123 0 0 246 0 0 224 28 0 238 18 0 241 53 0 201 75 0 236 62 0 239 228 0 85 255 17 2 255 248 80 255 255 255 255 255 255 255
255 255 255 255 255 255 255 255 255 255 80 29 251 108 7 85 250 0 107 255 23 2 215 230 4 71 204 43 0 3 39 61 61 33 28 17 169 36 0 3 6 44 125 48 0 40 150 99 8 0 8 233 9 0 41 177 0 4 251 13 0 225 0 0 205 21 0 225 175 0 207 90 0 214 238 0 191 255 0 48 255 202 0 255 255 255 255 255 255 255
255 255 255 255 255 255 255 255 255 255 146 3 175 253 16 7 254 0 0 238 142 0 37 239 45 0 103 227 0 0 147 170 181 128 164 34 37 0 7 77 90 179 40 0 27 204 26 0 0 2 95 155 0 13 217 64 1 28 192 0 11 213 1 0 245 54 0 186 99 0 189 183 0 237 250 0 223 230 0 197 188 237 0 252 255 255 255 255 255 255
255 255 255 255 255 255 255 255 255 255 225 9 2 253 78 0 196 82 0 127 238 0 0 129 153 0 7 159 31 84 39 0 0 5 140 79 15 11 82 254 169 28 0 62 98 132 0 0 0 78 237 3 20 114 183 1 7 118 20 0 74 171 0 0 246 35 0 194 193 0 192 254 4 169 250 0 157 180 0 243 1 191 14 181 253 207 255 255 255 255
255 255 255 255 255 255 255 255 255 255 242 2 0 238 118 1 48 245 16 0 196 84 0 0 121 69 31 0 55 152 75 0 21 0 0 37 2 19 114 161 1 0 94 115 52 0 0 0 52 224 128 0 76 247 129 2 69 241 0 0 181 159 0 1 245 103 0 225 251 86 103 255 91 42 208 12 47 224 9 211 14 76 121 108 251 172 255 255 255 253
255 255 255 255 255 255 255 255 255 186 255 108 0 134 189 92 10 227 120 33 92 220 106 109 0 89 148 97 0 8 9 1 26 0 0 52 3 0 0 17 48 69 119 10 0 0 0 97 69 123 5 0 164 211 87 30 199 134 0 70 249 86 1 1 249 177 0 110 253 203 48 235 150 26 202 137 122 249 95 209 141 163 245 216 254 255 255 255 255 253
255 255 255 255 255 255 255 255 255 192 212 241 114 19 247 225 9 104 212 172 163 231 206 195 112 3 100 89 0 84 119 25 0 0 0 4 0 6 128 57 44 63 2 0 0 13 83 89 4 0 0 19 245 73 1 90 233 14 0 102 255 65 0 0 237 255 129 123 253 229 143 95 165 155 241 255 254 219 167 236 252 229 255 255 254 255 255 255 255 255
255 255 255 255 255 255 255 255 255 254 150 94 234 149 175 255 161 170 240 255 206 84 72 63 74 0 0 0 0 56 79 28 32 87 42 115 135 39 85 37 0 0 0 85 146 9 55 0 44 0 0 165 102 0 0 200 82 0 0 129 255 120 79 45 202 255 243 82 94 94 227 161 144 94 101 255 211 71 214 251 92 199 255 215 255 255 255 255 255 255
255 255 255 255 255 255 255 255 255 255 219 112 131 249 220 254 253 237 255 220 159 160 53 0 0 0 0 93 94 0 0 6 15 41 20 54 64 16 0 0 1 120 155 146 69 0 0 34 103 0 45 212 4 0 110 210 0 0 0 225 255 193 82 21 184 254 116 0 14 179 238 115 29 14 187 254 56 153 250 104 30 237 153 176 252 255 255 255 255 255
255 255 255 255 255 255 255 255 255 255 255 233 216 255 255 78 61 51 183 90 33 51 19 157 126 2 0 30 30 0 122 70 126 2 0 0 1 2 1 141 117 52 49 34 0 2 75 160 26 0 137 45 0 72 233 122 0 0 119 254 117 50 14 46 238 84 13 1 202 255 229 19 67 202 253 68 140 246 75 10 207 165 26 235 182 255 255 255 255 255
255 255 255 255 255 255 255 255 255 255 255 255 255 255 252 219 215 189 237 131 166 1 0 30 99 129 137 10 0 0 24 14 132 1 3 183 197 106 0 27 23 3 0 0 4 168 55 29 0 8 212 0 0 212 71 15 0 16 238 179 12 0 78 221 86 5 0 132 255 163 122 37 229 254 138 95 244 200 37 148 251 25 201 255 147 255 255 255 255 255
255 255 255 255 255 255 255 255 255 255 255 162 174 97 20 20 20 17 192 158 196 204 55 13 7 14 13 1 130 42 16 6 10 0 12 23 18 10 0 0 0 0 87 200 122 15 4 0 23 216 148 20 226 112 3 0 50 222 53 13 0 64 231 208 4 0 193 245 88 11 8 238 255 192 9 213 251 15 68 236 102 12 253 249 33 255 255 255 255 255
255 255 255 255 255 255 255 255 255 255 245 251 251 123 25 18 0 0 12 4 11 1 5 200 251 227 30 20 166 169 96 0 151 209 0 0 0 15 60 58 16 212 51 1 1 0 4 175 144 1 1 240 199 1 1 24 236 1 0 0 101 254 103 1 0 223 255 83 0 0 235 255 64 7 156 255 46 21 247 251 20 242 255 21 190 255 255 255 255 255
255 255 255 255 255 255 255 255 255 255 129 11 9 145 210 236 239 207 219 103 25 11 8 2 1 20 0 48 0 0 1 0 0 1 1 11 199 212 58 0 0 6 3 12 11 98 62 0 0 43 122 242 56 3 150 189 1 0 180 167 245 94 5 8 95 191 148 1 15 245 235 161 10 201 219 245 16 118 252 105 26 252 56 116 255 253 255 255 255 255
255 255 255 255 255 255 255 255 255 255 197 178 47 54 29 6 67 42 101 195 207 142 104 35 38 25 24 13 15 0 9 1 0 17 17 0 0 1 10 26 35 58 36 156 110 0 0 13 36 217 149 61 61 61 208 2 21 29 249 235 95 0 80 97 7 134 0 13 186 217 70 6 162 228 237 145 141 221 203 0 151 198 17 201 255 209 255 255 255 255
255 255 255 254 255 255 255 255 255 255 235 206 200 240 188 84 48 41 43 15 2 9 35 42 172 135 134 81 87 1 0 0 0 95 0 26 44 45 82 146 161 101 24 0 7 19 48 88 195 53 0 10 95 143 0 36 173 170 224 122 7 21 181 52 72 58 5 128 215 24 0 85 254 246 189 101 201 254 80 29 252 20 146 240 217 102 255 255 255 255
255 255 255 252 255 255 255 255 255 255 174 34 7 164 85 212 161 137 143 66 59 0 3 0 0 0 0 38 0 5 0 0 23 133 0 86 146 137 98 0 0 0 10 55 75 63 161 49 19 11 47 85 164 12 1 145 254 87 91 65 91 144 254 219 106 34 89 222 54 0 71 245 229 153 37 195 242 244 62 157 240 51 236 133 81 246 255 233 255 255
255 255 255 255 255 255 255 255 255 255 219 127 108 105 99 177 79 4 0 34 119 0 93 83 45 55 45 9 0 0 0 1 51 0 0 0 0 0 0 1 47 50 40 128 117 5 4 22 82 114 130 119 1 16 88 208 166 136 0 221 165 214 245 101 0 165 249 93 0 72 250 243 121 0 88 253 247 145 132 234 247 206 223 47 144 255 255 202 255 255
255 255 255 255 255 255 255 255 255 255 255 188 178 228 236 160 202 111 81 56 59 0 209 183 71 104 83 59 40 54 70 52 45 74 54 47 73 96 95 67 103 80 27 7 24 112 110 87 156 194 41 6 84 79 141 97 6 0 83 131 27 185 147 0 78 232 153 98 59 224 228 125 12 10 206 245 144 67 153 255 255 225 184 184 255 255 255 250 255 255
255 255 255 255 255 255 255 255 255 255 255 178 142 204 108 19 89 129 92 118 92 0 83 60 0 20 13 52 46 62 81 60 52 100 61 54 83 133 109 76 34 0 27 105 84 148 118 60 30 136 102 57 98 62 36 65 18 69 221 89 101 123 47 126 217 134 15 117 196 250 95 0 87 140 255 148 83 198 250 198 152 171 191 254 225 163 249 255 255 255
255 255 255 255 255 255 255 255 255 255 255 255 234 238 150 128 147 115 123 192 156 131 119 83 107 84 42 38 26 0 0 0 0 13 0 0 0 19 0 0 1 71 73 90 48 23 0 29 80 95 85 44 50 98 51 191 127 183 243 162 76 5 107 242 182 23 1 130 253 121 0 62 220 252 162 31 202 251 113 60 47 212 247 164 83 33 248 255 255 255
255 255 255 255 255 255 255 255 255 255 255 255 243 146 176 171 233 205 215 182 242 211 208 191 166 148 168 136 105 89 102 83 111 133 131 107 25 27 22 18 132 92 34 2 14 108 111 86 49 19 59 105 31 59 16 207 68 110 237 61 36 147 217 234 117 11 124 233 134 10 83 203 255 138 33 152 244 96 5 46 173 247 183 61 115 160 253 255 255 255
255 255 255 255 255 255 255 255 255 255 255 255 138 60 37 40 62 60 60 40 71 56 59 60 43 41 61 48 38 38 43 35 47 59 66 72 11 21 40 18 56 29 64 37 162 196 156 176 98 150 134 44 1 95 9 53 4 176 79 1 165 239 240 132 30 175 228 77 20 149 218 242 235 107 41 248 100 3 104 199 236 70 40 181 224 241 255 255 255 255
255 255 255 255 255 254 255 255 255 255 255 255 223 213 148 93 65 32 10 1 1 0 0 0 0 0 0 0 0 0 0 0 0 1 3 8 0 3 9 3 0 2 18 10 44 51 31 41 27 42 30 0 117 35 3 2 175 127 4 118 245 112 158 93 196 212 67 5 175 243 247 107 130 188 215 255 172 177 230 214 48 1 18 130 58 118 237 253 255 255
255 255 255 255 255 255 255 255 255 255 255 208 253 233 246 219 211 170 194 191 153 63 144 190 172 163 148 183 162 190 148 121 112 72 112 4 103 123 97 103 114 54 10 0 0 1 0 0 0 1 17 167 232 134 88 191 182 117 155 198 98 104 97 229 251 104 89 177 242 54 208 216 195 214 223 166 227 127 35 27 0 0 3 13 42 228 252 255 255 255
255 255 255 255 255 255 254 237 255 255 255 250 90 13 15 13 16 11 13 13 10 4 48 12 57 78 19 12 44 13 57 126 93 114 119 84 118 33 6 87 107 7 19 155 183 128 128 187 194 190 204 203 203 96 6 112 94 222 129 14 4 215 245 182 112 5 171 249 252 199 247 211 195 116 12 9 25 127 159 171 193 236 214 221 241 253 255 255 255 255
255 255 255 255 255 255 255 255 255 255 249 254 255 249 209 240 227 128 125 62 125 66 78 26 4 3 2 3 2 2 3 3 3 1 2 3 3 2 3 3 2 9 36 222 216 144 181 121 68 28 0 2 2 3 7 142 233 119 1 56 222 238 251 8 175 242 232 243 246 226 225 20 13 79 217 219 199 242 252 249 222 252 177 228 255 245 255 255 255 255
255 255 255 255 255 255 255 255 255 255 211 255 255 239 227 245 236 224 214 221 230 218 218 228 237 187 155 176 120 136 183 173 175 96 143 147 172 95 155 152 93 139 104 37 26 17 19 115 154 28 28 116 158 207 246 213 46 7 98 214 161 103 224 246 223 207 206 147 43 28 151 200 235 233 208 162 215 85 44 95 90 91 20 53 255 252 255 255 255 255
255 255 255 255 255 253 255 255 255 255 255 255 255 101 31 125 63 30 27 0 34 4 84 44 151 195 190 185 146 25 31 26 238 208 67 16 27 35 34 31 33 22 21 54 193 186 215 210 185 163 142 177 174 172 173 62 29 74 217 125 38 149 224 202 92 22 45 55 221 221 206 170 93 16 21 36 156 77 48 60 216 235 222 243 255 253 255 255 255 255
255 255 255 255 255 246 255 255 255 255 255 255 254 242 98 100 206 179 171 11 87 51 45 44 26 12 0 2 2 81 105 104 142 59 100 84 98 129 124 152 155 103 96 188 185 129 151 100 29 14 14 5 54 86 98 194 184 207 199 180 186 227 155 51 40 163 234 182 247 228 54 52 52 76 150 229 253 237 240 181 187 202 245 255 254 240 255 255 255 254
255 255 255 255 255 255 255 255 253 255 255 255 255 197 192 222 220 156 151 31 123 150 134 140 90 57 66 65 53 55 43 27 43 22 20 33 30 34 28 42 14 0 3 27 105 12 19 49 68 75 71 76 232 198 195 219 153 149 100 72 101 221 229 206 192 236 238 150 236 241 230 215 214 245 253 245 238 222 220 99 56 42 216 255 252 235 255 255 255 252
254 255 255 255 249 255 255 255 252 255 255 255 210 50 34 95 94 84 42 58 40 27 0 22 27 74 138 134 106 111 134 73 106 118 60 41 66 56 73 79 62 72 80 144 138 32 97 172 215 228 226 176 181 145 163 231 77 18 86 174 185 229 251 245 241 235 225 207 223 225 253 211 206 237 251 229 230 246 255 229 208 138 236 255 254 239 255 255 255 255
254 255 255 255 246 255 255 255 253 253 255 255 190 115 86 83 28 5 43 112 172 153 91 95 48 2 7 84 108 4 100 51 94 202 31 18 16 17 25 53 54 211 212 233 121 46 180 199 200 156 236 169 161 172 170 251 220 136 210 234 241 253 248 238 220 239 242 222 226 239 243 232 233 241 249 235 238 251 248 248 252 249 247 251 255 237 255 255 255 255
255 254 255 255 255 255 255 255 253 253 252 255 255 215 214 212 153 115 101 144 254 248 224 234 183 118 124 212 246 130 161 155 190 193 114 88 102 121 94 132 118 223 239 244 231 157 230 221 225 169 232 240 247 236 240 236 243 237 215 232 247 253 249 247 234 239 242 253 253 245 243 248 243 253 247 238 239 243 246 174 193 243 197 241 250 255 255 255 255 255
255 254 255 254 255 255 255 255 255 255 253 255 255 200 95 97 94 88 179 124 189 103 114 206 252 240 245 244 254 249 245 249 245 220 211 194 216 218 208 246 235 236 234 248 253 230 229 244 254 233 244 228 237 252 250 237 251 244 248 236 253 251 249 252 255 255 228 230 242 239 239 253 219 191 178 126 111 111 202 70 109 243 213 244 251 255 255 255 255 255
255 255 255 254 255 255 255 255 255 255 253 255 255 237 144 79 0 5 155 143 173 56 9 57 171 151 116 108 87 97 236 230 215 249 230 200 213 202 232 244 246 246 215 241 254 240 214 236 184 224 232 224 245 254 179 238 251 202 215 245 253 252 228 242 255 223 79 121 223 202 215 254 223 166 120 163 146 160 226 182 199 247 253 253 255 255 255 255 255 255
