255 255 255 255 255 255 255 255 255 255 255 255 255 255 255 255 255 255 255 255 255 255 255 255 255 255 255 255 255 255 255 255 255 255 255 255 255 255 255 255 255 255 255 255 255 255 255 255 255 255 255 255 255 255 255 255 255 255 255 255 255 255 255 255 255 255 255 255 255 255 255 255 255 255 255 255 255 255 255 255 255 255 255 255 255 255 255 255 255 255
255 255 255 255 255 255 255 255 255 255 255 255 255 255 255 255 255 255 255 255 255 255 255 255 255 255 255 255 255 255 255 255 255 255 255 255 255 255 255 255 255 255 255 255 255 255 255 255 255 255 255 255 255 255 255 255 255 255 255 255 255 255 255 255 255 255 255 255 255 255 255 255 255 255 255 255 255 255 255 255 255 255 255 255 255 255 255 255 255 255
255 255 255 255 255 255 255 255 255 255 255 255 255 255 255 255 255 255 255 255 255 255 255 255 255 255 255 255 255 255 255 255 255 255 255 255 255 255 255 255 255 255 255 255 255 255 255 255 255 255 255 255 255 255 255 255 255 255 255 255 255 255 255 255 255 255 255 255 255 255 255 255 255 255 255 255 255 255 255 255 255 255 255 255 255 255 255 255 255 255
255 255 255 255 255 255 255 255 255 255 255 255 255 255 255 255 255 255 255 255 255 255 255 255 255 255 255 255 255 255 255 255 255 255 255 255 255 255 255 255 255 255 255 255 255 255 255 255 255 255 255 255 255 255 255 255 255 255 255 255 255 255 255 255 255 255 255 255 255 255 255 255 255 255 255 255 255 255 255 255 255 255 255 255 255 255 255 255 255 255
255 255 255 255 255 255 255 255 255 255 255 255 255 255 255 255 255 255 255 255 255 255 255 255 255 255 255 255 255 255 255 255 255 255 255 255 255 255 255 255 255 255 255 255 255 255 255 255 255 255 255 255 255 255 255 255 255 255 255 255 255 255 255 255 255 255 255 255 255 255 255 255 255 255 255 255 255 255 255 255 255 255 255 255 255 255 255 255 255 255
255 255 255 255 255 255 255 255 255 255 255 255 255 255 255 255 255 255 255 255 255 255 255 255 255 255 255 255 255 255 255 255 255 255 255 255 255 255 255 255 255 255 255 255 255 255 255 255 255 255 255 255 255 255 255 255 255 255 255 255 255 255 255 255 255 255 255 255 255 255 255 255 255 255 255 255 255 255 255 255 255 255 255 255 255 255 255 255 255 255
255 255 255 255 255 255 255 255 255 255 255 255 255 255 255 255 255 255 255 255 255 255 255 255 255 255 255 255 255 255 255 255 255 255 255 255 255 255 255 255 255 255 255 255 255 255 255 255 255 255 255 255 255 255 255 255 255 255 255 255 255 255 255 255 255 255 255 255 255 255 255 255 255 255 255 255 255 255 255 255 255 255 255 255 255 255 255 255 255 255
255 255 255 255 255 255 255 255 255 255 255 255 255 255 255 255 255 255 255 255 255 255 255 255 255 255 255 255 255 255 255 255 255 255 255 255 255 255 255 255 255 255 255 255 255 255 255 255 255 255 255 255 255 255 255 255 255 255 255 255 255 255 255 255 255 255 255 255 255 255 255 255 255 255 255 255 255 255 255 255 255 255 255 255 255 255 255 255 255 255
255 255 255 255 255 255 255 255 255 255 255 255 255 255 255 255 255 255 255 255 255 255 255 255 255 255 255 255 255 255 255 255 255 255 255 255 255 255 255 255 255 255 255 255 255 255 255 255 255 255 255 255 255 255 255 255 255 255 255 255 255 255 255 255 255 255 255 255 255 255 255 255 255 255 255 255 255 255 255 255 255 255 255 255 255 255 255 255 255 255
255 255 255 255 255 255 255 255 255 255 255 255 255 255 255 255 255 255 255 255 255 255 255 255 255 255 255 255 255 255 255 255 255 255 255 255 255 255 255 255 255 255 255 255 255 255 255 255 255 255 255 255 255 255 255 255 255 255 255 255 255 255 255 255 255 255 255 255 255 255 255 255 255 255 255 255 255 255 255 255 255 255 255 255 255 255 255 255 255 255
255 255 255 255 255 255 255 255 255 255 255 255 255 255 255 255 255 255 255 255 255 255 255 255 255 255 255 255 255 255 255 255 255 255 255 255 255 255 255 255 255 255 255 255 255 255 255 255 255 255 255 255 255 255 255 255 255 255 255 255 255 255 255 255 255 255 255 255 255 255 255 255 255 255 255 255 255 255 255 255 255 255 255 255 255 255 255 255 255 255
255 255 255 255 255 255 255 255 255 255 255 255 255 255 255 255 255 255 255 255 255 255 255 255 255 255 255 255 255 255 255 255 255 255 255 255 255 255 255 255 255 255 255 255 255 255 255 255 255 255 255 255 255 255 255 255 255 255 255 255 255 255 255 255 255 255 255 255 255 255 255 255 255 255 255 255 255 255 255 255 255 255 255 255 255 255 255 255 255 255
255 255 255 255 255 255 255 255 255 255 255 255 255 255 255 255 255 255 255 255 255 255 255 255 255 255 255 255 255 255 255 255 255 255 255 255 255 255 255 255 255 255 255 255 255 255 255 255 255 255 255 255 255 255 255 255 255 255 255 255 255 255 255 255 255 255 255 255 255 255 255 255 255 255 255 255 255 255 255 255 255 255 255 255 255 255 255 255 255 255
255 255 255 255 255 255 255 255 255 255 255 255 255 255 255 255 255 255 255 255 255 255 255 255 255 255 255 255 255 255 255 255 255 255 255 255 255 255 255 255 255 255 255 255 255 255 255 255 255 255 255 255 255 255 255 255 255 255 255 255 255 255 255 255 255 255 255 255 255 255 255 255 255 255 255 255 255 255 255 255 255 255 255 255 255 255 255 255 255 255
255 255 255 255 255 255 255 255 255 255 255 255 255 255 255 255 255 255 255 255 255 255 255 255 255 255 255 255 255 255 255 255 255 255 255 255 255 255 255 255 255 255 255 255 255 255 255 255 255 255 255 255 255 255 255 255 255 255 255 255 255 255 255 255 255 255 255 255 255 255 255 255 255 255 255 255 255 255 255 255 255 255 255 255 255 255 255 255 255 255
255 255 255 255 255 255 255 255 255 255 255 255 255 255 255 255 255 255 255 255 255 255 255 255 255 255 255 255 255 255 255 255 255 255 255 255 255 255 255 255 255 255 255 255 255 255 255 255 255 255 255 255 255 255 255 255 255 255 255 255 255 255 255 255 255 255 255 255 255 255 255 255 255 255 255 255 255 255 255 255 255 255 255 255 255 255 255 255 255 255
255 255 255 255 255 255 255 255 255 255 255 255 255 255 255 255 255 255 255 255 255 255 255 255 255 255 255 255 255 255 255 255 255 255 255 255 255 255 255 255 255 255 255 255 255 255 255 255 255 255 255 255 255 255 255 255 255 255 255 255 255 255 255 255 255 255 255 255 255 255 255 255 255 255 255 255 255 255 255 255 255 255 255 255 255 255 255 255 255 255
255 255 255 255 255 255 255 255 255 255 255 255 255 255 255 255 255 255 255 255 255 255 255 255 255 255 255 255 255 255 255 255 255 255 255 255 255 255 255 255 255 255 255 255 255 255 255 255 255 255 255 255 255 255 255 255 255 255 255 255 255 255 255 255 255 255 255 255 255 255 255 255 255 255 255 255 255 255 255 255 255 255 255 255 255 255 255 255 255 255
255 255 255 255 255 255 255 255 255 255 255 255 255 255 255 255 255 255 255 255 255 255 255 255 255 255 255 255 255 255 255 255 255 255 255 255 255 255 255 255 255 255 255 255 255 255 255 255 255 255 255 255 255 255 255 255 255 255 255 255 255 255 255 255 255 255 255 255 255 255 255 255 255 255 255 255 255 255 255 255 255 255 255 255 255 255 255 255 255 255
255 255 255 255 255 255 255 255 255 255 255 255 255 255 255 255 255 255 255 255 255 255 255 255 255 255 255 255 255 255 255 255 255 255 255 255 255 255 255 255 255 255 255 255 255 255 255 255 255 255 255 255 255 255 255 255 255 255 255 255 255 255 255 255 255 255 255 255 255 255 255 255 255 255 255 255 255 255 255 255 255 255 255 255 255 255 255 255 255 255
255 255 255 255 255 255 255 255 255 255 255 255 255 255 255 255 255 255 255 255 255 255 255 255 255 255 255 255 255 255 255 255 255 255 255 255 255 255 255 255 255 255 255 255 255 255 255 255 255 255 255 255 255 255 255 255 255 255 255 255 255 255 255 255 255 255 255 255 255 255 255 255 255 255 255 255 255 255 255 255 255 255 255 255 255 255 255 255 255 255
255 255 255 255 255 255 255 255 255 255 255 255 255 255 255 255 255 255 255 255 255 255 255 255 255 255 255 255 255 255 255 255 255 255 255 255 255 255 255 255 255 255 255 255 255 255 255 255 255 255 255 255 255 255 255 255 255 255 255 255 255 255 255 255 255 255 255 255 255 255 255 255 255 255 255 255 255 255 255 255 255 255 255 255 255 255 255 255 255 255
255 255 255 255 255 255 255 255 255 255 255 255 255 255 255 255 255 255 255 255 255 255 255 255 255 255 255 255 255 255 255 255 255 255 255 255 255 255 255 153 255 255 255 255 255 253 255 249 212 228 239 240 253 196 249 255 255 255 255 255 255 255 255 255 255 255 255 255 255 255 255 255 255 255 255 255 255 255 255 255 255 255 255 255 255 255 255 255 255 255
255 255 255 255 255 255 255 255 255 255 255 255 255 255 255 255 255 255 255 255 255 255 255 255 255 255 255 255 255 255 255 255 255 248 255 255 251 142 228 225 255 235 172 113 101 187 166 212 222 229 243 250 255 238 236 242 255 255 255 255 255 255 255 255 255 255 255 255 255 255 255 255 255 255 255 255 255 255 255 255 255 255 255 255 255 255 255 255 255 255
255 255 255 255 255 255 255 255 255 255 255 255 255 255 255 255 255 255 255 255 255 255 255 255 255 255 255 255 255 255 255 240 229 254 255 205 194 217 253 178 145 26 120 214 241 249 248 251 253 251 168 46 213 254 253 254 255 255 255 255 255 255 255 255 255 255 255 255 255 255 255 255 255 255 255 255 255 255 255 255 255 255 255 255 255 255 255 255 255 255
255 255 255 255 255 255 255 255 255 255 255 255 255 255 255 255 255 255 255 255 255 255 255 255 255 255 255 255 254 255 221 255 254 243 95 27 242 255 56 17 163 243 255 254 248 254 254 221 245 231 254 254 254 254 254 254 254 254 254 254 254 243 252 254 255 254 254 255 255 255 255 255 255 255 255 255 255 255 255 255 255 255 255 255 255 255 255 255 255 255
255 255 255 255 255 255 255 255 255 255 255 255 255 255 255 255 255 255 255 255 255 255 255 255 255 255 253 240 167 247 239 231 71 58 141 255 253 238 192 235 236 235 206 51 71 21 26 19 68 18 18 47 21 17 15 19 10 8 23 131 31 18 39 38 247 183 83 255 255 255 255 255 255 255 255 255 255 255 255 255 255 255 255 255 255 255 255 255 255 255
255 255 255 255 255 255 255 255 255 255 255 255 255 255 255 255 255 255 255 255 255 255 255 255 255 233 235 252 241 238 40 43 166 255 246 218 200 29 37 25 35 38 38 52 236 228 253 245 234 235 206 184 172 187 152 167 87 38 38 140 130 194 215 219 225 238 245 240 252 255 255 255 255 255 255 255 255 255 255 255 255 255 255 255 255 255 255 255 255 255
255 255 255 255 255 255 255 255 255 255 255 255 255 255 255 255 255 255 255 255 255 255 255 255 250 142 248 250 127 156 57 207 236 198 154 15 56 62 93 128 209 242 227 236 200 199 198 238 187 237 240 255 219 247 149 226 254 255 255 253 215 21 35 60 86 117 207 123 196 211 234 240 255 255 255 255 255 255 255 255 255 255 255 255 255 255 255 255 255 255
255 255 255 255 255 255 255 255 255 255 255 255 255 255 255 255 255 255 255 255 255 255 255 255 240 228 211 219 67 211 255 180 120 2 75 99 252 230 181 180 179 153 91 125 8 5 69 190 10 171 132 179 68 155 179 174 175 179 180 178 174 99 128 224 208 102 139 85 116 117 178 132 199 252 255 255 255 255 255 255 255 255 255 255 255 255 255 255 254 255
255 255 255 255 255 255 255 255 255 255 255 255 255 255 255 255 255 255 255 255 255 255 255 251 161 111 147 209 235 169 163 3 90 97 253 230 161 107 4 44 94 94 84 103 95 96 231 204 0 55 70 86 55 36 90 65 83 44 3 36 56 151 161 161 161 161 161 161 246 251 233 94 135 249 255 255 255 255 255 255 255 255 255 255 255 255 255 255 253 255
255 255 255 255 255 255 255 255 255 255 255 255 255 255 255 255 255 255 255 255 255 254 163 136 2 120 233 239 153 13 64 112 248 158 159 105 48 101 106 167 239 181 126 142 136 142 129 101 101 196 219 242 196 99 249 156 238 178 116 163 113 113 113 113 112 94 74 2 133 139 150 217 226 254 255 255 255 255 255 255 255 255 255 255 255 255 255 255 255 255
255 255 255 255 255 255 255 255 255 255 255 255 255 255 255 255 255 255 255 248 239 123 23 10 133 251 187 114 16 112 197 203 123 18 56 131 184 224 143 114 107 110 2 6 30 96 124 132 240 249 199 155 142 54 157 64 124 124 124 129 135 177 183 205 248 233 212 134 133 118 58 91 92 123 142 249 255 255 255 255 255 255 255 255 255 255 255 255 255 255
255 255 255 255 255 255 255 255 255 255 255 255 255 255 255 255 255 255 255 149 92 16 130 158 251 136 51 36 153 224 115 65 105 141 180 220 125 91 80 94 146 202 149 151 165 193 162 108 104 100 61 27 15 4 29 0 0 8 2 4 9 43 48 68 100 105 105 139 217 240 189 157 150 144 37 100 105 181 255 255 255 255 255 255 255 255 255 255 255 255
255 255 255 255 255 255 255 255 255 255 255 255 255 255 255 255 255 255 252 37 70 178 236 102 99 18 79 186 160 78 9 163 227 188 93 70 30 150 202 218 184 86 85 84 81 67 55 14 32 159 169 167 169 169 170 169 169 173 165 169 169 169 169 170 169 124 129 64 70 84 88 152 215 242 181 169 78 82 127 254 255 255 255 255 255 255 255 255 255 255
255 255 255 255 255 255 255 255 255 255 255 255 255 255 255 255 255 172 105 191 215 231 71 155 51 184 204 74 29 13 155 216 67 48 116 184 188 186 76 66 40 1 23 18 46 180 195 188 191 242 224 120 197 149 128 204 160 154 66 68 108 175 186 76 186 216 231 204 190 187 177 54 61 64 68 189 204 203 203 254 255 255 255 255 255 255 255 255 255 255
255 255 255 255 255 255 255 255 255 255 255 255 255 255 255 255 198 204 216 255 131 43 64 245 218 176 45 27 162 178 46 44 14 195 201 63 47 47 69 89 140 198 185 183 188 199 58 48 47 47 41 14 34 21 16 36 33 43 3 1 11 28 33 5 31 44 47 49 63 120 192 209 208 172 110 45 54 67 214 253 255 255 255 255 255 255 255 255 255 255
255 255 255 255 255 255 255 255 255 255 255 255 255 255 255 206 155 250 255 108 13 7 219 255 99 19 59 228 137 26 46 197 151 52 25 4 54 212 193 143 42 29 27 26 26 22 7 25 87 129 163 181 220 202 215 215 226 227 225 219 223 224 225 225 219 180 69 79 53 18 22 30 60 109 209 211 226 193 52 42 247 255 255 255 255 255 255 255 255 255
255 255 255 255 255 255 255 255 255 255 255 255 255 255 207 86 250 255 136 4 73 243 246 13 4 97 246 126 16 214 136 10 33 72 189 226 134 96 10 7 1 0 68 90 211 239 242 237 215 204 212 163 163 166 155 123 94 12 50 39 118 101 144 167 177 224 228 242 246 239 241 128 65 13 11 11 55 110 233 220 52 60 238 255 255 255 255 255 255 255
255 255 255 255 255 255 255 255 255 255 255 255 255 253 115 255 250 135 0 126 241 232 1 5 57 251 177 11 210 3 4 79 250 224 100 4 7 51 104 190 228 228 230 137 67 0 0 0 0 1 5 1 1 4 6 6 11 6 20 7 6 4 5 2 5 7 5 2 11 113 112 181 243 248 250 245 213 64 7 192 148 251 160 255 255 255 255 255 255 255
255 255 255 255 255 255 255 255 255 255 254 255 255 183 244 237 59 7 33 255 244 83 53 208 233 91 11 18 21 35 124 193 70 9 26 151 242 205 214 141 2 9 5 11 21 21 33 17 33 41 42 41 55 127 212 209 218 208 219 227 212 157 173 97 189 240 188 70 50 21 21 21 21 9 53 136 212 230 232 245 255 255 233 255 255 255 255 255 255 255
255 255 255 255 255 255 255 255 255 255 252 255 255 208 219 60 23 100 218 240 164 102 236 204 33 31 127 163 179 149 11 77 44 102 215 188 107 10 10 32 60 113 68 103 178 176 193 142 148 105 102 99 57 28 6 9 7 2 2 9 11 38 67 130 111 105 85 143 181 171 177 182 197 109 78 70 42 16 23 137 210 212 241 255 255 255 255 255 255 255
255 255 255 255 255 255 255 255 255 255 255 255 255 230 37 37 162 192 32 164 251 218 128 0 61 178 169 70 6 32 53 153 189 130 29 13 30 61 101 164 187 170 107 45 29 0 55 18 34 42 53 49 71 98 55 84 66 59 59 82 75 60 52 58 49 47 33 12 14 0 0 45 92 157 192 210 230 130 80 62 38 15 134 198 239 255 255 255 255 255
255 255 255 255 255 255 255 255 255 255 255 255 235 105 53 182 175 0 0 183 189 71 14 72 181 122 21 39 89 129 144 116 16 33 51 108 126 166 158 63 1 18 30 65 64 18 138 57 95 116 147 114 156 145 108 125 100 138 143 163 155 151 146 163 136 141 139 95 108 76 77 72 44 29 0 48 136 164 193 206 181 109 78 57 140 184 255 255 255 255
255 255 255 255 255 255 255 255 255 255 255 254 121 76 192 149 9 1 88 159 29 55 124 139 57 9 102 132 138 76 6 77 104 129 107 138 84 16 67 95 77 87 61 126 71 35 56 12 3 17 20 30 50 59 34 33 32 41 34 38 15 8 0 4 0 21 90 120 132 146 147 154 137 140 98 94 87 56 38 64 143 165 218 177 117 101 214 247 255 255
255 255 255 255 255 255 255 255 255 255 255 233 121 218 124 0 45 119 147 13 80 166 138 1 59 124 151 77 0 74 111 169 129 91 13 30 84 124 183 152 105 71 6 9 66 76 95 73 66 55 53 47 69 87 72 46 49 66 83 77 76 86 97 88 95 66 48 17 14 12 0 22 74 118 141 146 192 185 117 114 51 13 94 134 186 224 185 240 255 255
255 255 255 255 255 255 255 255 255 255 254 234 253 120 0 107 178 138 32 78 170 93 5 62 194 126 30 2 77 183 145 64 3 63 124 124 108 108 91 26 42 69 93 66 83 77 95 73 62 32 26 6 5 14 27 3 4 10 37 26 56 76 97 88 103 108 132 73 71 106 121 115 77 42 12 18 72 108 119 211 186 129 50 1 49 115 230 250 255 255
255 255 255 255 255 255 255 255 255 255 254 254 112 5 88 222 126 15 133 167 66 2 83 194 126 11 46 150 118 79 30 68 141 137 111 69 18 24 80 141 83 63 68 41 13 1 58 82 80 43 44 42 10 43 31 44 74 98 87 53 83 73 6 0 6 30 61 41 41 69 88 114 155 175 157 148 102 76 7 71 98 130 144 149 110 59 92 136 254 255
255 255 255 255 255 255 255 255 255 255 255 139 7 100 210 75 37 160 216 60 0 124 178 78 15 68 194 118 32 0 134 131 88 47 12 69 143 79 64 72 28 7 10 86 96 131 167 77 42 23 23 22 4 20 16 22 39 51 45 28 43 43 50 80 85 76 28 40 0 0 9 20 52 75 80 77 123 206 166 144 85 26 56 91 88 194 162 106 196 255
255 255 255 255 255 255 255 255 255 255 244 22 154 224 72 5 197 158 53 1 153 142 48 0 63 208 88 15 8 168 121 34 5 58 166 60 51 24 8 51 99 165 59 56 43 47 49 12 14 88 66 106 117 116 76 81 106 69 70 4 0 2 17 29 30 27 54 72 92 87 155 173 162 98 31 17 25 60 60 150 191 193 143 46 11 59 137 218 234 255
255 255 255 255 255 255 255 255 255 255 223 195 246 70 3 145 160 23 7 194 192 22 0 60 217 60 6 42 200 49 17 39 118 70 38 8 27 149 179 189 66 41 13 6 9 0 32 96 11 20 15 24 27 26 17 18 24 16 20 2 33 80 100 47 2 0 10 13 21 20 35 39 43 103 205 213 156 100 17 23 37 50 146 198 210 185 39 48 166 248
255 255 255 255 255 255 255 255 255 255 251 253 104 3 159 247 107 1 205 215 25 0 117 181 40 2 135 187 44 1 37 33 14 10 112 206 208 56 27 21 5 7 95 172 195 196 151 153 187 169 136 132 137 129 128 112 59 41 16 2 4 10 12 22 171 165 140 81 38 2 0 0 1 10 24 45 79 182 202 194 102 11 14 27 64 243 232 230 109 123
255 255 255 255 255 255 255 255 255 255 255 157 2 201 220 32 235 178 62 6 0 49 213 5 0 138 238 48 1 0 1 1 165 223 59 8 6 1 0 8 173 212 147 28 6 6 4 4 5 5 4 4 4 4 4 3 2 1 1 1 19 3 0 0 5 5 4 14 158 177 214 191 129 140 0 1 2 5 6 38 197 244 220 208 56 6 12 176 245 251
255 255 255 255 255 255 255 255 255 255 234 8 154 232 6 35 195 3 5 0 47 216 0 10 147 174 17 7 14 150 198 103 38 6 7 2 100 183 212 210 69 2 3 7 7 23 117 18 65 89 52 58 25 22 2 3 23 4 3 5 4 5 6 5 5 9 7 4 2 2 0 13 35 191 183 203 167 61 13 10 9 18 161 236 244 228 67 11 14 193
255 255 255 255 255 255 255 255 255 254 165 173 226 30 117 164 6 52 23 18 206 8 26 207 125 0 20 153 168 54 0 17 13 102 129 47 210 179 53 1 17 26 85 131 126 169 177 94 34 27 38 31 54 68 40 48 80 79 62 92 71 97 114 86 100 173 134 78 35 58 24 26 14 0 0 0 33 179 209 196 169 45 27 24 15 156 225 238 73 28
255 255 255 255 255 255 255 255 255 246 121 213 10 43 203 27 45 10 40 138 61 39 209 163 14 43 152 117 2 21 32 117 86 74 12 5 2 0 21 49 142 181 180 51 2 0 0 0 20 27 22 21 34 29 32 36 23 28 23 33 13 3 7 3 0 2 6 24 24 95 161 173 93 21 37 35 25 0 2 10 42 157 184 186 41 39 6 155 201 204
255 255 255 255 255 255 255 255 254 239 247 30 51 159 214 109 27 5 203 58 18 200 141 11 76 188 74 0 44 116 123 11 22 50 4 15 2 51 120 157 97 27 3 31 53 52 57 24 84 112 88 82 132 112 123 138 90 108 89 128 53 17 39 45 34 50 54 41 4 0 0 2 9 80 142 135 95 5 28 47 51 0 12 93 157 176 72 39 10 166
255 255 255 255 255 255 255 255 253 255 159 5 206 15 208 79 12 95 130 8 105 135 0 113 161 64 6 62 140 89 1 50 119 129 7 23 72 149 97 1 1 70 77 103 135 129 141 60 19 19 9 3 5 0 0 3 6 0 0 1 7 11 29 83 85 105 134 101 17 27 72 58 40 0 0 3 3 13 69 118 132 58 61 25 10 64 167 153 75 36
255 255 255 255 255 255 255 255 255 255 13 9 222 93 89 0 110 146 6 102 110 2 89 206 27 2 96 128 52 1 85 137 117 6 36 105 121 42 0 88 75 127 123 44 6 0 0 4 29 46 22 70 66 64 55 29 56 65 55 10 76 30 72 76 61 4 0 1 11 47 126 105 84 80 92 2 0 0 35 27 7 101 106 50 101 81 1 98 133 151
255 255 255 255 255 255 255 255 255 222 0 26 228 134 23 65 120 3 82 140 2 98 200 74 30 98 131 24 25 99 111 63 7 83 125 82 3 75 97 151 91 6 0 19 65 92 50 32 48 63 28 88 83 80 69 37 71 82 69 13 96 38 90 96 81 27 48 58 50 15 0 5 19 101 123 98 79 1 44 34 68 64 0 9 118 144 110 63 3 119
255 255 255 255 255 255 255 255 255 128 113 134 152 86 102 120 8 25 182 27 19 201 82 7 142 92 21 12 140 125 4 15 103 96 73 11 118 86 89 38 0 19 79 69 63 85 46 25 10 6 1 0 7 6 21 7 12 1 1 9 0 0 0 1 4 20 44 53 47 81 111 91 2 0 8 87 80 106 15 0 62 145 136 64 1 39 101 80 119 45
255 255 255 255 255 255 255 255 255 183 235 189 26 195 204 40 22 159 79 0 171 74 13 146 77 3 103 112 78 24 76 115 71 14 14 153 78 12 0 109 133 28 52 34 2 1 0 71 141 128 85 85 7 39 14 5 8 0 68 76 88 104 105 52 3 0 0 0 0 45 74 60 38 113 105 2 5 71 63 97 0 58 91 90 156 144 0 14 79 146
255 255 255 255 255 255 255 255 253 252 255 67 38 249 71 0 177 99 4 117 150 0 32 83 1 82 163 49 0 133 153 54 2 24 17 69 0 46 105 126 63 7 0 25 96 114 37 34 67 60 40 40 1 16 0 0 0 0 32 33 41 49 50 25 32 81 110 111 35 24 4 0 18 53 51 129 98 1 25 51 138 109 0 23 73 101 164 104 1 55
255 255 255 255 255 255 255 255 254 255 253 4 189 151 0 171 225 10 105 163 24 149 150 5 58 192 37 0 72 194 38 16 133 9 4 158 73 15 34 24 2 114 144 132 31 36 12 0 0 0 7 2 6 48 93 106 109 47 71 36 7 14 4 1 10 26 35 35 11 8 45 117 14 1 0 41 31 120 81 2 44 44 148 105 15 11 52 184 189 77
255 255 255 255 255 255 255 237 255 254 137 37 245 22 70 244 33 50 233 25 5 129 27 0 137 32 0 128 157 30 8 189 31 12 52 36 14 3 55 154 120 81 28 24 0 1 42 50 142 109 97 46 3 9 18 21 21 9 14 35 49 8 59 70 94 69 7 1 0 0 8 23 79 147 69 9 0 23 72 140 15 2 29 26 181 115 0 29 80 228
255 255 255 255 255 255 255 253 255 193 9 175 171 0 231 148 0 207 75 0 201 66 0 147 21 0 113 209 13 0 166 101 0 1 5 25 29 152 99 14 11 5 5 94 141 104 4 5 13 10 9 4 0 0 0 0 0 0 0 3 4 0 5 6 9 6 1 18 80 102 27 0 7 14 9 155 53 0 5 13 132 133 23 1 16 140 196 121 4 43
255 255 255 255 255 255 255 255 251 16 193 243 1 143 235 1 41 187 8 71 6 0 178 125 0 33 211 1 0 108 214 30 0 1 33 165 35 1 1 0 19 189 151 127 1 1 0 0 11 18 16 33 21 16 96 88 164 166 129 49 90 25 22 0 5 0 0 0 0 1 0 101 63 3 0 1 0 154 138 0 1 1 111 189 17 1 1 181 87 0
255 255 255 255 255 255 255 255 247 98 254 103 10 199 80 38 179 12 50 20 4 151 174 0 25 188 27 0 26 205 23 2 95 185 105 0 5 15 126 153 114 21 0 0 7 9 24 93 154 50 16 25 10 0 2 0 0 0 0 0 0 18 2 1 23 53 54 18 53 7 3 1 7 94 86 14 5 0 40 147 23 5 1 15 197 45 12 1 130 171
255 255 255 255 255 253 255 255 249 255 249 161 153 44 0 209 51 155 70 12 60 174 0 18 145 88 1 29 205 9 17 37 153 95 6 20 62 140 34 15 0 18 21 22 94 61 28 3 2 7 9 7 10 4 15 14 10 9 9 12 9 12 16 3 3 0 0 0 65 93 32 19 12 1 0 106 65 13 15 0 44 70 27 6 2 133 158 46 4 92
255 255 255 255 255 243 255 252 255 224 245 225 201 8 8 214 140 28 11 109 51 24 17 145 70 0 42 175 83 0 138 61 7 12 49 108 9 5 0 4 35 122 120 102 53 0 0 33 41 43 49 41 53 24 85 76 54 50 52 66 50 65 87 16 19 22 29 30 6 0 0 35 68 13 29 1 0 57 86 20 12 0 68 37 35 0 55 193 73 1
251 255 255 243 255 254 255 251 255 149 218 235 52 1 87 198 16 28 83 160 0 55 117 146 1 49 162 109 0 62 164 0 18 65 50 0 21 16 1 54 116 80 1 0 0 15 47 139 108 19 0 0 1 5 0 0 0 0 0 0 0 0 0 0 13 75 98 99 33 42 7 9 0 24 100 56 2 0 0 67 41 53 46 11 117 45 20 46 169 67
244 255 255 230 255 252 255 255 255 237 242 122 0 64 179 47 2 89 159 63 57 199 131 0 50 178 71 0 38 197 60 7 76 56 2 54 50 3 56 94 0 22 9 0 20 63 104 63 0 43 39 26 10 11 0 6 52 41 33 17 31 14 8 32 4 0 0 0 26 93 49 87 10 2 6 118 70 0 9 13 0 115 150 81 5 100 102 47 17 147
251 253 254 253 250 255 255 255 255 241 201 2 64 200 141 71 103 126 86 7 184 207 0 61 162 125 0 20 96 92 1 93 57 0 79 91 3 34 93 0 40 54 10 4 88 48 0 16 31 86 72 41 11 0 8 76 96 65 52 27 48 23 12 51 14 6 34 2 0 0 55 105 39 71 0 0 105 40 14 25 57 1 76 154 91 22 91 129 68 15
255 252 253 255 247 254 255 255 255 236 71 7 190 208 160 203 234 98 0 96 217 138 8 166 123 19 49 125 42 0 59 125 1 13 97 6 36 68 11 21 59 21 13 39 66 0 45 97 47 20 13 7 34 22 15 76 15 0 0 0 0 0 0 1 10 7 39 17 61 4 0 0 26 92 97 1 2 66 61 5 67 92 38 40 107 132 41 62 120 101
255 255 254 255 252 254 247 254 251 216 7 140 189 77 70 209 155 0 83 206 105 75 118 96 23 2 159 127 0 19 137 27 0 34 8 0 100 29 0 67 11 26 101 29 1 34 88 65 10 0 67 41 29 18 5 0 13 10 72 36 51 41 19 0 0 0 0 13 51 14 63 8 0 12 81 90 6 17 71 68 1 76 129 62 11 94 154 72 36 96
255 255 255 255 255 255 250 248 238 223 155 202 61 0 66 160 51 0 177 131 8 42 214 10 0 59 158 25 0 68 54 0 40 14 0 32 50 0 83 30 1 94 54 0 62 69 30 0 30 91 40 21 0 0 80 51 42 6 44 22 31 25 11 1 59 83 14 0 0 7 38 61 39 0 0 54 131 5 13 57 77 0 58 133 80 2 72 171 120 9
255 255 255 255 255 255 253 246 242 213 231 160 2 4 151 118 7 26 157 23 0 144 187 0 51 164 38 0 54 103 1 7 36 0 5 93 4 46 55 0 25 51 0 44 122 21 0 37 70 40 0 0 5 71 91 22 15 0 0 0 0 0 0 0 25 35 16 75 14 0 0 24 50 75 7 0 56 100 0 7 95 68 0 43 154 58 0 54 176 165
255 255 255 255 255 250 247 253 252 230 213 30 0 150 219 37 4 149 80 0 95 164 35 0 172 63 0 32 114 22 0 45 12 1 25 23 0 131 6 16 74 5 0 121 30 0 49 145 22 0 0 79 61 27 16 0 0 0 0 0 0 0 0 0 0 0 3 21 18 100 14 0 9 79 107 0 0 47 116 5 18 123 91 1 34 153 28 0 35 201
255 255 255 249 255 252 254 255 240 226 224 0 48 197 105 2 76 139 8 35 206 36 0 108 134 4 0 136 51 0 79 90 1 15 116 0 74 51 0 52 11 0 67 34 1 6 97 22 1 0 101 93 10 1 0 13 47 80 95 97 63 28 4 77 16 0 0 0 2 16 114 9 0 10 146 109 0 3 37 169 0 17 116 119 0 24 174 140 0 83
255 255 253 253 255 255 255 209 229 236 198 0 189 222 5 10 136 74 0 187 137 1 96 111 139 0 97 123 2 0 168 32 0 115 7 0 105 2 25 27 0 0 135 1 0 75 21 0 0 149 128 5 0 0 52 42 24 9 6 6 4 2 0 5 1 68 64 0 0 0 7 138 20 0 8 123 25 0 1 78 65 0 7 127 129 2 11 168 145 4
255 255 248 254 254 255 254 244 255 200 51 7 215 47 0 48 113 0 12 152 2 122 4 42 7 0 129 8 0 20 105 0 2 19 0 37 23 0 123 5 0 62 48 0 7 92 0 0 2 155 0 0 1 39 19 0 0 0 0 0 0 0 0 0 0 0 0 32 0 0 0 0 95 2 0 0 179 76 0 2 173 105 5 0 136 153 2 0 204 69
255 250 242 251 248 242 254 232 254 235 119 149 165 1 6 179 94 1 20 23 6 141 0 78 0 29 109 0 1 69 17 2 130 5 0 91 6 6 150 0 0 156 5 0 137 30 0 0 104 76 0 1 59 73 0 0 1 0 4 20 15 0 0 3 0 2 0 0 16 6 1 0 5 136 6 0 41 183 25 0 0 152 73 3 0 139 124 2 31 223
253 255 246 253 255 245 254 254 245 232 208 107 52 0 87 184 4 23 153 2 77 19 3 146 0 83 35 0 23 99 0 24 138 0 4 83 0 66 42 0 20 101 0 1 176 0 0 0 149 9 0 9 158 2 0 0 0 0 54 35 0 0 0 0 1 18 7 0 0 29 14 0 0 38 76 0 0 110 102 0 0 2 148 61 0 1 176 32 0 117
242 255 241 250 253 251 244 250 235 206 219 228 2 9 176 119 1 112 83 0 125 0 42 126 0 98 0 0 92 5 0 78 63 0 39 65 0 79 40 0 120 11 0 9 154 0 0 5 141 2 0 9 139 0 0 23 0 0 110 14 0 0 0 0 0 0 34 18 0 0 43 22 0 0 92 35 0 9 112 0 2 23 13 166 33 0 39 120 10 13
240 255 251 254 253 241 231 254 199 215 253 187 0 78 184 54 48 186 8 0 122 0 123 0 7 71 0 10 79 0 21 133 31 0 123 11 0 97 9 0 168 6 0 37 109 0 0 38 106 0 0 11 38 0 6 109 0 0 126 16 0 0 21 1 14 1 0 54 8 0 0 76 15 0 5 163 1 0 95 0 0 70 10 41 144 30 0 110 97 0
243 255 248 255 251 244 236 248 222 240 247 140 36 193 115 1 158 176 1 40 74 2 111 0 66 30 0 64 7 0 92 72 0 0 152 6 0 96 0 1 134 0 0 53 21 0 0 89 48 0 0 20 11 0 12 142 0 0 82 32 0 4 65 2 27 29 0 0 17 22 0 24 84 0 0 161 16 0 27 51 0 4 74 0 94 127 0 6 232 16
230 255 255 255 252 247 233 247 228 229 188 157 162 231 17 20 197 66 0 144 32 15 54 0 158 5 0 127 0 0 113 3 0 0 109 0 0 48 0 1 117 5 0 36 19 0 0 109 33 0 0 91 8 0 2 152 0 0 2 47 0 5 71 0 0 42 30 0 2 84 0 0 103 1 0 54 79 0 0 128 0 0 125 0 2 171 64 0 210 62
243 255 252 253 253 254 244 254 236 225 175 204 246 161 0 91 179 0 71 196 2 75 23 0 178 0 30 104 0 0 53 0 10 0 59 0 0 106 0 1 144 10 0 30 54 0 0 107 13 0 0 152 41 0 2 107 0 0 0 67 0 0 56 0 0 1 63 19 0 55 13 0 27 26 0 0 133 0 0 68 80 0 48 65 0 102 180 5 141 93
223 254 253 254 253 245 255 253 241 233 204 247 249 66 26 176 73 2 170 142 1 164 0 0 127 0 108 31 0 70 24 0 29 0 15 3 0 173 0 0 141 12 0 27 107 0 0 109 14 0 0 70 111 0 0 79 76 0 0 47 68 0 12 65 4 0 24 15 0 0 75 0 0 96 0 0 133 48 0 8 171 2 0 145 0 21 218 46 93 165
239 255 253 255 254 239 255 252 252 234 208 243 249 38 92 208 13 18 209 41 17 193 0 114 65 0 168 1 0 168 23 0 96 0 68 4 0 192 0 0 140 4 0 27 154 0 0 61 32 0 0 6 108 0 0 34 161 0 0 12 146 0 0 36 39 0 0 0 0 0 36 0 0 110 0 0 42 146 0 0 117 12 0 140 1 2 192 138 25 168
