255 255 255 255 255 255 255 255 255 255 255 255 255 255 255 255 255 255 255 255 255 255 255 255 255 255 255 255 255 255 255 255 255 255 255 255 255 255 255 255 255 254 255 255 255 252 255 253 255 255 255 255 255 255 255 255 255 255 255 255 255 255 255 255 255 255 255 255 255 255 255 255 255 255 255 255 255 255 255 255 255 255 255 255 255 255 255 255 255 255
255 255 255 255 255 255 255 255 255 255 255 255 255 255 255 255 255 255 255 255 255 255 255 255 255 255 255 255 255 255 255 248 251 255 254 251 254 255 255 255 253 250 255 245 243 241 255 243 246 250 248 253 255 254 255 255 252 253 252 254 255 255 251 255 255 255 255 255 255 255 255 255 255 255 255 255 255 255 255 255 255 255 255 255 255 255 255 255 255 255
255 255 255 255 255 255 255 255 255 255 255 255 255 255 255 255 255 255 255 255 255 255 255 255 255 255 253 255 255 255 247 235 243 248 239 232 252 239 249 243 247 254 235 204 212 250 233 229 223 242 237 249 254 253 255 255 248 249 235 237 252 255 245 249 248 255 254 248 255 255 252 255 255 255 255 255 255 255 255 255 255 255 255 255 255 255 255 255 255 255
255 255 255 255 255 255 255 255 255 255 255 255 255 255 255 255 255 255 255 255 255 255 255 255 255 253 246 255 254 253 231 252 245 227 230 234 242 205 242 219 248 219 186 203 230 215 191 228 214 232 224 219 223 235 244 224 238 240 229 228 249 232 235 244 227 234 252 242 242 253 245 247 252 255 254 255 255 255 255 255 255 255 255 255 255 255 255 255 255 255
255 255 255 255 255 255 255 255 255 255 255 255 255 255 255 255 255 255 255 255 255 255 255 255 246 245 248 253 225 229 243 231 220 230 255 224 209 210 216 230 211 170 206 228 208 192 225 233 188 178 171 208 216 229 240 214 233 234 212 220 251 225 218 237 231 218 231 242 237 236 247 244 242 252 253 247 253 255 255 255 255 255 255 255 255 255 255 255 255 255
255 255 255 255 255 255 255 255 255 255 255 255 255 255 255 255 255 255 255 255 255 255 255 248 221 249 254 216 181 231 249 205 224 246 237 193 223 182 188 214 216 211 201 180 167 234 206 175 181 210 214 251 223 243 226 227 250 254 219 199 205 242 245 226 204 240 233 197 228 240 239 245 246 225 253 247 246 254 255 254 255 255 255 255 255 255 255 255 255 255
255 255 255 255 255 255 255 255 255 255 255 255 255 255 255 255 255 255 255 255 255 255 253 224 231 255 252 191 198 254 210 235 223 203 243 228 214 161 174 230 227 191 143 146 220 203 160 212 229 225 198 198 188 220 205 211 219 205 236 239 223 246 212 226 205 203 236 224 237 255 245 231 250 231 221 255 250 235 251 255 255 255 255 255 255 255 255 255 255 255
255 255 255 255 255 255 255 255 255 255 255 255 255 255 255 255 255 255 255 255 255 248 234 196 248 255 206 181 243 220 163 206 168 231 207 182 229 159 205 239 153 155 181 205 168 145 225 211 189 175 226 228 232 242 239 242 239 229 215 212 216 255 229 170 243 231 194 206 255 205 247 247 205 205 189 215 253 222 215 250 255 249 255 255 255 255 255 255 255 255
255 255 255 255 255 255 255 255 255 255 255 255 255 255 255 255 255 255 255 255 235 252 237 186 254 248 172 215 250 177 168 210 229 193 161 226 188 159 242 160 132 226 148 163 131 178 181 161 230 232 239 208 159 157 185 181 236 228 244 220 170 176 247 201 164 227 218 156 208 179 207 248 218 178 204 241 205 246 219 210 255 247 255 255 255 255 255 255 255 255
255 255 255 255 255 255 255 255 255 255 255 255 255 255 255 255 255 255 255 244 214 255 181 212 255 189 153 250 178 150 211 249 159 181 227 240 156 237 162 133 235 201 112 212 233 203 218 238 225 160 158 225 205 229 240 140 189 228 239 233 240 224 162 240 182 162 242 226 162 217 245 232 248 240 200 246 222 208 250 218 250 254 252 255 255 255 255 255 255 255
255 255 255 255 255 255 255 255 255 255 255 255 255 255 255 255 255 255 255 194 220 251 161 251 198 145 194 225 126 170 251 134 130 229 193 170 232 202 139 212 156 146 210 248 167 138 253 158 161 245 245 249 204 254 248 235 248 253 219 179 207 250 245 225 222 206 150 241 188 156 235 252 185 252 212 179 251 212 204 252 217 220 255 255 252 255 255 255 255 255
255 255 255 255 255 255 255 255 255 255 255 255 255 255 255 255 255 255 240 197 254 177 234 255 207 228 250 172 180 253 122 110 233 226 155 212 220 130 243 201 129 229 233 135 144 245 243 159 253 216 130 124 148 239 139 129 125 175 247 254 140 167 168 253 146 240 215 156 237 135 133 252 190 159 250 232 200 253 251 217 250 194 241 238 223 255 255 255 255 255
255 255 255 255 255 255 255 255 255 255 255 255 255 255 255 255 255 251 177 245 224 187 254 191 155 254 203 174 249 220 164 175 233 162 173 233 127 157 228 159 234 236 171 159 253 208 165 247 140 129 201 190 253 249 240 219 113 130 111 142 183 235 115 128 206 188 238 188 177 249 164 154 252 208 166 248 201 198 253 176 230 220 181 252 243 244 252 254 255 255
255 255 255 255 255 255 255 255 255 255 255 255 255 255 255 255 255 196 220 251 190 251 239 165 230 233 140 232 226 167 165 237 110 145 232 150 209 233 126 222 219 160 151 244 209 143 240 228 124 231 180 231 202 154 140 179 114 249 239 164 140 157 227 136 163 216 172 225 138 150 250 142 199 172 162 166 240 182 213 232 164 242 196 203 254 221 212 239 255 255
255 255 255 255 255 255 255 255 255 255 255 255 255 255 255 255 254 202 255 210 197 249 206 234 242 171 158 240 150 177 244 193 187 231 112 235 234 134 145 210 115 132 246 208 140 209 161 158 157 148 119 161 147 147 130 133 136 191 227 232 231 116 146 236 156 170 243 147 204 174 200 180 142 158 133 139 166 197 150 236 195 169 246 198 242 253 221 255 255 255
255 255 255 255 255 255 255 255 255 255 255 255 255 255 255 255 233 255 250 168 240 209 189 255 190 187 239 169 153 235 188 171 238 149 145 234 162 168 211 89 128 217 206 141 171 203 223 213 145 150 166 224 225 218 227 255 224 145 146 141 222 178 135 150 231 170 219 136 146 234 145 228 176 177 169 143 147 226 148 158 251 176 223 255 221 249 253 247 255 255
255 255 255 255 255 255 255 255 255 255 255 255 255 255 255 255 197 254 215 201 244 154 196 224 173 235 206 138 199 202 162 237 170 158 211 151 209 231 123 112 235 172 113 153 223 193 159 129 184 160 200 145 152 161 155 219 218 235 199 149 139 208 235 122 173 237 148 130 132 193 194 182 249 174 209 175 123 178 191 140 214 215 161 239 204 218 255 230 253 255
255 255 255 255 255 255 255 255 255 255 255 255 255 255 255 243 235 253 183 246 194 154 250 165 197 229 128 195 205 154 216 180 133 182 147 137 215 167 150 179 167 127 167 187 152 129 149 188 175 152 176 192 202 241 200 179 131 246 135 148 158 147 201 188 134 235 206 119 199 114 252 159 233 235 132 245 152 129 216 133 149 249 164 190 242 183 242 243 241 255
255 255 255 255 255 255 255 255 255 255 255 255 255 255 255 216 255 240 224 233 177 217 202 181 251 177 161 234 156 200 203 143 195 147 131 201 145 156 206 170 115 192 224 166 140 211 207 147 200 190 194 180 232 210 255 213 170 213 168 96 120 198 148 243 201 171 240 102 194 125 191 193 183 238 125 183 218 127 184 167 142 250 218 156 238 184 198 255 223 250
255 255 255 255 255 255 255 255 255 255 255 255 255 255 255 232 216 209 255 164 227 215 129 231 217 151 238 198 170 252 119 200 181 115 206 135 144 219 127 145 205 197 150 182 219 167 108 116 228 122 99 110 151 176 252 223 247 168 177 164 60 147 210 178 242 164 216 151 117 204 121 199 153 173 150 125 246 125 132 230 149 206 253 152 200 227 164 253 221 240
255 255 255 255 255 255 255 255 255 255 255 255 255 255 239 254 194 234 234 170 250 157 157 255 153 202 194 186 221 134 109 201 104 207 184 117 220 141 69 199 190 161 171 238 165 83 163 197 140 91 189 204 202 229 222 159 172 195 107 215 87 126 251 122 197 214 151 233 134 177 98 149 174 119 221 129 184 198 123 252 153 147 255 172 168 255 166 239 243 229
255 255 255 255 255 255 255 255 255 255 255 255 255 255 175 214 239 253 174 234 236 178 234 170 145 231 119 236 200 144 214 122 162 226 103 221 151 94 173 226 181 154 240 160 105 180 200 129 82 138 252 135 122 162 241 115 84 245 131 108 202 112 164 198 133 247 123 216 116 94 106 106 227 91 165 129 107 251 110 205 194 137 241 210 152 255 212 196 255 245
255 255 255 255 255 255 255 255 255 255 255 255 255 255 224 243 253 226 205 254 157 234 238 101 230 139 159 221 149 238 136 159 230 85 192 163 124 176 220 140 153 231 141 81 166 210 126 152 131 162 157 52 43 108 154 215 58 129 208 75 219 65 67 249 102 227 128 140 181 101 121 97 192 95 96 227 112 227 106 139 242 115 185 244 136 235 247 162 255 212
255 255 255 255 255 255 255 255 255 255 255 255 255 255 253 255 162 130 250 225 152 253 126 178 250 86 238 109 176 187 49 227 115 116 248 119 100 247 131 79 221 135 48 159 184 85 148 221 128 141 59 172 223 62 28 252 88 69 245 50 113 104 65 238 58 140 215 93 217 54 169 81 116 223 97 249 110 119 167 98 241 134 120 254 141 177 254 148 233 240
255 255 255 255 255 255 255 255 255 255 255 255 255 255 255 207 130 238 216 95 226 186 55 251 93 222 101 69 245 99 142 192 40 243 105 44 241 138 55 185 157 48 136 235 47 118 209 132 92 195 110 86 202 227 10 189 51 82 144 48 67 244 35 123 106 78 202 59 251 29 128 116 126 113 84 99 191 79 219 86 132 143 99 231 174 190 255 205 205 254
255 255 255 255 255 255 255 255 255 255 255 255 255 255 254 68 81 254 125 127 254 39 199 212 33 230 39 237 172 59 253 59 185 221 16 177 216 60 112 199 50 70 251 12 89 247 118 75 238 53 168 19 53 249 60 117 115 66 36 136 1 198 13 15 67 60 202 26 237 58 89 95 137 67 156 88 244 112 125 130 83 255 88 190 255 108 254 255 156 255
255 255 255 255 255 255 255 255 255 255 255 255 255 255 122 108 251 136 152 247 150 92 254 52 207 86 63 240 29 238 76 96 240 86 154 235 195 19 194 11 19 226 6 15 238 28 67 182 159 2 254 12 4 106 52 55 252 0 0 212 2 177 9 5 186 13 184 35 164 63 58 154 157 50 222 41 197 125 66 192 71 247 135 138 255 96 145 255 131 250
255 255 255 255 255 255 255 255 255 255 255 255 255 255 146 225 243 52 182 245 41 138 212 42 235 8 196 99 131 224 14 225 61 81 233 9 8 129 51 100 214 66 0 175 76 14 142 203 98 22 247 11 2 245 38 24 235 19 0 249 21 123 28 3 235 17 211 40 177 35 52 114 49 22 80 50 85 252 85 245 109 224 168 78 247 154 80 253 115 221
255 255 255 255 255 255 255 255 255 255 255 255 255 217 132 255 139 45 249 148 54 253 57 39 115 40 203 20 235 39 85 136 45 79 106 0 90 106 7 121 172 82 57 196 8 79 202 22 91 43 210 6 22 204 20 31 105 145 0 238 7 106 5 0 155 11 198 47 161 14 20 82 51 18 37 166 64 238 132 220 156 112 243 72 182 230 65 243 165 171
255 255 255 255 255 255 255 255 255 255 255 255 255 74 182 227 26 84 201 5 129 204 4 186 3 159 98 92 189 31 194 1 70 150 23 64 159 0 46 183 29 108 226 30 16 242 15 57 63 43 133 4 142 53 21 14 27 203 1 232 0 82 2 10 115 12 162 53 129 1 12 54 2 67 9 254 33 171 119 105 196 47 233 152 103 246 91 244 225 114
255 255 255 255 255 255 255 255 255 255 255 255 255 105 255 102 45 253 45 10 196 68 78 187 67 163 60 220 66 134 61 18 195 2 23 210 13 17 161 23 90 227 125 5 129 143 2 191 43 101 44 0 245 12 80 11 6 200 0 220 24 82 3 19 170 0 165 74 42 0 6 97 3 140 7 209 46 75 217 32 255 17 145 207 72 213 180 233 255 157
255 255 255 255 255 255 255 255 255 255 255 255 246 225 217 5 133 238 0 89 222 0 182 108 161 18 126 250 19 109 82 127 131 9 144 117 0 129 105 0 160 170 25 48 199 6 8 190 22 192 17 0 247 0 131 0 7 157 0 207 36 93 4 0 177 0 173 11 33 1 2 119 4 237 1 155 62 7 236 10 219 65 30 201 86 103 251 140 238 236
255 255 255 255 255 255 255 255 255 255 255 255 245 255 107 6 246 125 1 213 138 0 152 203 69 12 238 155 61 39 219 119 54 133 129 10 102 161 3 23 244 31 0 184 62 3 136 54 14 244 0 5 216 3 153 0 39 52 0 207 0 106 0 0 85 0 174 12 35 0 0 175 0 222 22 121 100 5 125 1 111 197 7 211 156 40 252 111 178 255
255 255 255 255 255 255 255 255 255 255 255 255 255 255 20 111 241 63 144 254 35 13 203 191 10 156 201 39 65 180 172 15 80 218 7 4 230 41 3 164 96 0 3 192 0 11 230 3 0 177 0 26 89 5 200 0 94 1 0 131 9 144 2 2 27 0 193 0 31 0 36 180 0 186 53 29 200 4 32 10 21 253 12 155 188 23 252 219 110 255
255 255 255 255 255 255 255 255 255 255 255 255 255 203 75 232 79 58 251 120 0 138 241 51 110 253 90 7 156 250 140 61 183 70 0 74 123 4 53 121 0 10 149 66 3 59 73 2 25 107 0 107 10 2 165 0 161 0 0 61 5 120 1 2 14 0 176 0 45 0 21 138 56 165 37 7 243 37 15 138 0 241 75 101 228 11 140 255 111 203
255 255 255 255 255 255 255 255 255 255 255 255 255 112 190 202 1 178 255 14 28 238 89 1 222 207 14 2 241 70 106 188 210 1 10 214 15 1 177 58 0 4 246 9 1 182 0 0 147 26 1 214 2 7 81 0 187 2 4 141 0 111 0 3 21 0 154 0 36 0 0 174 23 134 26 5 205 143 2 241 9 214 118 82 254 13 27 255 132 104
255 255 255 255 255 255 255 255 255 255 255 255 249 25 246 35 48 249 134 105 212 193 7 6 253 92 0 175 240 49 94 246 51 0 208 71 0 1 220 11 0 133 123 1 36 232 0 0 241 0 37 158 0 106 29 0 184 1 64 62 0 162 1 8 24 0 136 0 108 6 3 165 0 68 46 4 167 40 0 184 84 110 229 47 185 101 50 250 115 47
255 255 255 255 255 255 255 255 255 255 255 255 254 209 237 18 231 255 78 94 255 166 0 63 251 14 53 250 70 7 203 162 2 21 251 22 0 144 127 0 0 234 13 0 100 113 0 18 142 0 69 71 0 180 3 1 91 0 189 4 0 110 0 8 6 0 144 4 111 1 0 140 0 53 114 8 42 30 23 73 79 10 255 182 102 237 56 223 115 5
255 255 255 255 255 255 255 255 255 255 255 255 255 254 48 51 247 109 42 234 240 8 5 244 64 0 176 217 2 18 253 22 0 219 70 1 3 243 14 4 213 99 30 0 219 5 0 173 60 0 120 28 0 116 1 71 4 0 246 0 0 108 13 20 0 0 156 0 226 16 0 152 0 43 239 6 40 239 1 46 228 0 227 147 9 255 23 39 248 54
255 255 255 255 255 255 255 255 255 255 255 255 255 210 4 251 194 8 158 254 103 2 156 169 31 46 252 100 65 251 204 1 109 233 0 1 91 70 0 58 246 4 0 4 216 0 1 215 0 0 247 27 4 86 0 153 0 3 181 0 9 105 0 101 0 0 144 0 255 1 0 184 0 41 236 1 6 255 22 8 168 4 190 232 4 247 232 15 254 210
255 255 255 255 255 255 255 255 255 255 255 255 255 24 162 159 4 19 250 197 1 79 250 4 4 219 135 1 250 225 40 48 250 72 3 51 250 14 8 250 36 3 18 169 112 0 44 77 0 9 235 0 151 14 0 197 0 23 40 0 130 0 0 210 0 0 180 0 250 1 0 221 17 0 175 2 1 255 4 4 246 2 59 255 2 145 254 68 202 255
255 255 255 255 255 255 255 255 255 255 255 255 255 112 227 200 38 189 222 51 24 223 180 3 70 206 2 32 252 21 16 217 195 41 8 208 195 0 84 219 147 0 147 207 10 1 198 9 0 65 104 0 247 1 10 125 0 72 1 0 112 0 0 201 0 9 149 0 187 1 0 226 75 0 254 18 2 255 35 3 254 55 9 255 53 40 255 33 93 255
255 255 255 255 255 255 255 255 255 255 255 254 222 255 163 80 25 253 53 2 115 203 0 0 223 29 30 182 188 0 121 206 55 170 12 247 103 0 100 147 0 0 189 18 41 30 255 2 5 195 23 14 244 0 101 74 1 213 0 15 42 0 0 223 0 44 133 1 140 15 0 211 80 1 253 14 8 255 80 14 214 219 6 250 199 16 255 103 51 255
255 255 255 255 255 255 255 255 255 255 255 254 162 255 240 63 111 200 8 48 222 46 0 63 174 0 98 220 28 0 213 48 41 52 70 238 0 0 150 24 0 0 160 1 0 144 232 1 36 249 79 112 173 24 234 7 73 151 11 113 0 17 0 223 0 66 68 1 244 72 0 222 110 2 253 2 0 252 1 70 74 253 16 197 233 6 255 181 36 254
255 255 255 255 255 255 255 255 255 255 255 255 255 255 175 20 236 59 0 168 154 0 2 182 12 10 182 104 16 96 151 0 172 18 146 155 0 35 211 0 0 29 66 1 0 145 164 2 64 168 27 245 54 99 192 9 232 17 21 205 0 114 1 236 0 178 51 10 255 90 0 208 119 0 250 3 0 212 0 138 6 241 12 74 247 6 200 254 60 230
255 255 255 255 255 251 255 255 255 255 255 255 243 255 66 95 208 0 81 211 76 4 121 102 67 92 250 39 134 250 27 59 225 41 219 53 0 164 133 0 0 156 48 32 0 129 111 0 110 33 11 177 0 148 57 0 243 0 30 99 8 116 7 229 39 222 62 25 249 32 51 113 168 0 243 6 4 165 0 30 0 156 44 2 240 11 65 255 44 108
255 255 255 255 255 251 255 255 255 255 255 251 240 144 8 211 88 1 216 111 68 130 255 70 75 216 132 50 250 124 3 141 108 71 252 59 114 253 54 0 49 167 6 118 0 243 38 0 201 0 41 46 0 190 8 20 167 0 141 5 56 6 31 101 39 251 64 45 243 1 180 117 247 3 238 7 4 145 0 95 2 45 179 50 252 39 7 255 145 64
255 255 255 255 255 255 255 255 255 255 255 252 253 19 80 169 7 121 254 140 204 247 220 38 30 194 18 8 248 5 2 187 9 122 117 38 213 164 16 0 177 36 0 117 11 232 0 12 125 0 87 0 0 136 2 92 50 0 232 0 114 0 88 22 0 243 20 107 149 0 233 75 233 6 251 52 0 194 0 71 57 9 246 47 178 171 2 204 233 82
255 255 255 255 255 255 255 255 255 255 255 255 159 70 213 80 116 236 228 240 255 247 63 0 185 79 48 50 80 0 171 66 8 211 10 0 135 34 2 9 155 0 73 30 59 72 0 154 20 10 141 0 10 43 0 181 4 21 164 0 152 0 166 9 1 157 0 199 28 0 89 2 244 2 255 136 75 250 8 70 135 5 241 96 58 249 16 55 255 81
255 255 255 255 255 255 255 255 255 255 255 250 36 218 255 208 234 250 78 62 255 109 19 184 217 11 183 149 1 174 233 0 68 186 0 14 74 0 0 160 29 0 122 0 155 0 0 153 0 5 60 0 167 6 0 186 0 186 41 23 96 0 221 0 51 63 0 248 2 0 87 15 231 0 241 65 166 255 98 214 228 25 227 197 9 246 196 29 185 215
255 255 255 255 255 255 255 255 255 255 255 254 213 255 252 63 255 51 6 74 161 11 34 253 61 17 229 31 14 250 47 5 219 29 0 180 11 3 0 129 0 32 33 14 145 0 3 29 0 93 5 1 230 0 39 70 0 241 2 132 17 3 78 0 102 14 0 214 3 94 19 3 158 0 227 13 51 255 76 116 254 215 249 248 93 221 254 209 161 255
255 255 255 255 255 255 255 255 255 255 255 255 255 163 27 40 213 1 2 233 42 12 194 198 3 202 52 1 56 197 1 126 103 0 28 80 0 0 50 11 0 181 1 129 14 0 215 1 0 155 0 59 61 0 143 8 14 47 0 181 0 59 5 0 198 1 5 232 0 193 0 0 117 0 174 1 2 255 17 27 253 30 196 255 241 251 255 254 223 255
255 255 255 255 255 255 255 255 255 255 255 255 255 19 0 188 22 0 169 165 27 20 247 8 107 254 1 41 250 10 0 250 2 0 207 2 0 86 134 0 118 47 0 199 0 16 58 0 119 13 0 238 1 0 235 0 38 1 0 200 0 130 0 0 244 0 80 205 0 247 18 0 53 0 178 3 0 239 36 5 254 3 19 250 9 41 255 255 254 248
255 255 255 255 255 255 255 255 255 255 255 255 220 3 59 155 0 19 245 4 2 223 141 1 232 82 5 216 230 1 185 123 0 20 120 0 1 233 0 5 234 1 145 23 0 139 0 2 211 0 7 183 0 42 216 0 130 0 0 60 0 176 0 1 213 0 134 46 0 254 20 26 234 0 235 29 0 251 162 0 254 89 0 235 158 3 216 255 158 243
255 255 255 255 255 255 255 255 255 255 255 254 13 28 247 79 15 247 100 13 64 222 1 38 224 2 116 212 8 4 226 0 16 176 0 0 51 97 1 94 18 0 145 0 8 175 1 56 61 0 93 2 0 213 126 1 235 0 15 29 0 201 0 11 36 0 207 69 1 255 19 135 252 0 216 6 0 250 79 31 206 252 0 85 255 75 9 248 205 4
255 255 255 255 255 255 255 255 255 255 255 250 32 233 231 11 152 224 10 40 224 70 38 209 34 12 142 0 5 74 76 0 155 122 0 47 205 1 26 215 0 21 55 0 85 2 26 193 1 10 168 0 24 217 0 22 186 0 151 6 3 136 0 55 54 0 166 0 4 255 5 156 224 2 252 54 5 224 82 218 1 237 12 2 254 147 24 219 253 35
255 255 255 255 255 255 255 255 255 255 255 255 175 240 115 68 246 76 12 216 169 11 192 191 1 95 149 0 78 192 3 34 214 1 15 242 50 0 144 83 0 143 13 26 112 0 111 65 0 94 92 5 161 64 0 134 58 2 223 1 38 59 22 177 26 0 165 1 5 254 8 178 178 2 254 113 9 227 1 194 29 188 104 0 248 19 124 62 251 198
255 255 255 255 255 255 255 255 255 255 255 255 255 134 12 204 147 0 112 188 2 87 235 10 40 225 162 24 171 13 0 170 75 0 120 163 0 71 192 0 4 174 8 145 2 5 119 0 33 153 2 40 234 27 28 223 0 55 112 0 141 30 55 230 34 0 231 0 12 255 1 123 96 4 244 121 4 218 0 181 129 136 250 1 236 17 166 63 193 252
255 255 255 255 255 255 255 255 255 255 255 255 255 2 98 153 2 67 232 34 2 222 120 0 133 236 19 106 38 0 92 179 0 21 187 6 2 218 42 0 110 27 100 158 0 80 36 0 150 26 0 135 160 5 105 127 0 182 13 0 236 10 31 245 55 0 248 0 17 255 1 120 64 0 203 48 6 238 0 205 193 28 254 82 161 14 129 208 100 252
255 255 255 255 255 255 255 255 255 255 255 254 249 123 196 11 86 173 112 0 125 128 1 0 182 108 10 162 0 0 231 38 0 141 48 0 109 170 0 28 243 1 224 24 39 162 0 69 144 0 9 224 56 2 193 31 19 222 0 23 246 41 48 255 70 0 248 2 58 238 0 176 64 0 146 53 0 251 0 129 233 63 244 175 44 101 15 248 142 246
255 255 255 255 255 255 255 255 255 255 255 254 250 254 88 55 216 81 4 121 194 2 13 130 137 0 124 76 0 96 223 0 23 187 0 8 230 47 0 162 105 40 182 0 168 67 0 202 25 0 51 106 0 102 241 4 81 94 0 123 136 29 10 255 40 3 221 2 56 186 0 137 160 0 116 1 0 247 3 115 248 58 133 185 1 192 0 232 227 147
255 255 255 255 255 255 255 255 255 255 255 254 255 132 29 191 107 0 3 207 55 0 30 87 130 10 221 0 24 210 78 0 166 55 3 162 94 0 78 131 0 175 51 56 151 4 0 145 0 0 144 1 0 212 88 4 196 0 0 217 56 152 4 254 22 9 173 1 163 182 0 195 182 0 197 43 0 249 2 68 251 0 23 238 0 225 0 137 255 137
255 255 255 255 255 255 255 255 255 255 255 255 255 48 92 93 7 100 146 60 0 135 10 0 134 184 82 107 179 82 0 174 165 0 101 209 3 39 216 19 52 231 0 196 30 3 179 41 0 153 81 0 165 235 16 94 196 0 91 112 18 236 27 250 3 66 173 0 249 146 0 250 120 0 253 156 0 247 0 13 255 23 2 255 1 249 75 26 239 232
255 255 255 255 255 255 255 255 255 255 255 255 255 207 38 7 147 213 46 0 116 191 0 0 197 254 5 223 85 4 109 180 32 19 230 47 133 199 156 22 207 71 9 210 0 85 195 73 117 242 78 16 250 85 26 222 43 0 219 16 22 143 17 202 0 176 114 19 255 30 0 241 190 33 255 204 8 247 80 6 249 125 11 254 62 185 220 0 183 255
255 255 255 255 255 255 255 255 255 255 255 255 255 124 118 200 237 35 0 181 238 61 0 0 233 112 66 37 6 131 93 24 0 202 113 1 140 232 19 4 224 4 157 30 3 209 27 13 194 60 14 118 197 7 43 85 1 68 60 1 56 18 41 195 0 247 15 20 255 1 0 244 75 7 255 39 2 254 199 49 254 200 7 255 106 234 255 2 30 255
255 255 255 255 255 255 255 255 255 255 255 255 255 96 246 225 19 12 193 249 35 3 17 143 76 7 6 0 4 225 7 0 60 185 10 18 245 91 0 53 110 100 200 0 98 135 0 65 92 2 7 211 15 37 183 4 0 237 8 0 229 2 65 169 4 255 0 31 255 0 6 254 5 1 252 1 0 233 230 66 255 251 0 225 173 23 42 20 0 255
255 255 255 255 255 255 255 255 255 255 255 255 255 253 255 58 1 39 249 16 0 0 162 7 1 0 218 233 225 2 0 33 249 1 0 177 209 0 15 250 5 212 1 4 179 1 0 215 0 0 221 1 0 232 21 0 69 165 0 17 175 0 244 1 90 236 0 172 236 0 17 255 6 67 246 0 0 239 247 166 235 255 9 108 252 2 2 254 43 217
255 255 255 255 255 255 255 255 255 255 255 255 255 252 71 8 56 240 212 20 101 181 241 239 51 122 242 192 25 4 22 216 28 0 27 224 15 2 209 219 14 29 11 190 0 1 124 41 4 109 130 0 55 159 0 4 239 0 0 191 74 25 250 0 130 205 0 224 192 0 129 246 5 201 175 0 53 214 234 36 9 253 47 71 247 208 0 248 215 61
255 255 255 255 255 255 255 255 255 255 255 255 255 190 9 53 232 40 0 19 236 221 48 13 251 181 61 0 26 84 179 8 6 33 196 1 0 53 250 38 38 39 179 139 1 41 193 0 70 213 0 4 230 42 0 78 141 0 4 213 5 52 166 0 161 63 1 235 36 0 244 148 2 207 177 0 135 47 80 235 62 241 154 0 149 248 22 209 255 25
255 255 255 254 255 255 255 255 255 255 255 255 255 37 97 242 79 0 26 160 207 24 9 30 240 64 1 54 183 190 0 1 87 213 105 0 40 215 174 0 35 143 200 39 36 224 13 0 170 25 0 63 108 2 7 158 0 0 51 82 0 89 26 0 213 0 25 169 0 0 225 60 10 211 94 0 169 45 11 236 11 136 253 4 87 254 178 69 247 150
255 255 255 253 255 255 255 255 255 255 255 255 255 110 233 139 0 43 150 191 36 19 88 152 179 87 67 252 131 2 1 74 203 116 0 12 200 122 0 31 184 77 25 26 174 101 0 67 156 0 22 199 1 0 74 85 0 0 159 12 0 184 10 21 153 4 130 3 0 54 93 32 31 228 0 0 173 14 0 250 14 0 253 20 33 221 253 26 199 255
255 255 255 255 255 255 255 255 255 255 255 255 255 255 200 4 71 183 139 20 12 121 202 119 134 171 227 160 1 6 92 204 53 0 22 117 161 17 38 160 224 66 9 136 184 9 81 240 29 4 141 158 1 48 209 7 7 83 230 73 44 250 86 133 40 75 235 58 51 212 31 35 158 214 1 5 207 27 1 253 50 1 254 42 102 155 233 125 159 255
255 255 255 255 255 255 255 255 255 255 255 255 255 219 99 113 198 137 7 35 127 130 62 0 158 245 134 5 80 111 216 80 0 73 144 213 21 47 170 245 137 99 116 235 98 113 238 219 75 80 251 130 67 181 245 18 61 235 227 170 179 255 233 233 163 214 237 184 191 252 55 157 255 227 98 116 248 143 94 255 178 38 253 108 88 186 131 254 171 229
255 255 255 255 255 255 255 255 255 255 255 255 255 201 149 180 99 0 84 167 144 8 7 122 229 133 9 54 215 158 83 0 24 205 239 80 1 144 226 115 46 161 245 104 53 210 212 91 62 143 158 79 76 243 127 19 155 246 97 82 234 251 145 110 237 205 107 115 255 131 53 129 241 144 149 231 254 194 233 255 238 103 250 133 5 206 34 253 217 201
255 255 255 255 255 255 255 255 255 255 255 255 255 243 218 49 20 94 182 118 34 56 153 228 117 8 16 192 180 29 0 23 129 163 95 0 43 236 86 1 39 226 123 1 2 207 72 3 26 109 30 0 142 167 31 0 220 161 21 21 234 184 19 4 231 67 0 44 216 5 0 89 182 20 32 234 159 90 150 245 103 55 230 146 0 233 8 156 255 235
255 255 255 255 255 255 255 255 255 255 255 255 255 255 81 38 174 133 71 7 162 200 215 76 10 42 165 213 50 0 70 144 66 37 0 139 186 163 7 27 178 95 88 2 144 153 0 16 135 109 0 70 216 39 12 119 225 33 77 114 199 48 0 79 96 0 0 165 68 0 1 206 52 1 117 244 39 16 186 189 1 156 125 229 10 213 108 30 248 255
255 255 255 255 255 255 255 255 255 255 255 255 255 255 190 201 202 33 1 155 249 216 54 0 15 202 185 52 23 85 158 68 0 0 128 230 108 35 156 188 67 10 110 126 171 68 25 179 180 31 0 169 148 0 0 231 88 2 28 211 107 0 40 202 116 0 94 195 6 0 133 218 0 2 228 173 4 0 252 53 11 250 73 239 173 225 230 14 182 255
255 255 255 255 255 254 255 255 255 255 255 255 255 255 254 130 55 27 183 199 96 138 2 164 184 58 51 4 174 207 37 3 0 80 221 59 52 14 246 151 0 3 189 190 41 71 189 251 53 0 61 239 27 0 80 240 22 1 87 138 20 0 190 187 59 40 212 41 1 0 237 170 13 5 253 33 2 152 241 4 22 255 69 245 251 246 224 183 224 255
255 255 255 255 255 255 255 255 255 255 255 255 255 255 232 13 117 206 220 26 7 65 183 221 51 1 97 205 182 34 0 0 140 223 31 49 148 218 116 29 57 175 172 90 7 173 229 147 14 0 187 214 0 0 189 79 2 1 217 167 11 3 240 131 112 122 124 1 0 130 237 21 4 171 237 1 6 239 155 28 17 255 14 165 255 81 125 251 253 255
255 255 255 255 255 255 255 241 255 255 255 255 255 255 167 145 247 55 13 0 35 197 64 13 1 65 232 130 10 10 0 173 197 84 46 79 208 147 5 77 234 147 10 4 129 225 13 143 1 55 252 20 0 140 138 3 0 107 234 12 1 173 189 8 19 228 43 0 0 198 54 0 2 244 26 0 181 245 89 32 130 253 6 10 252 190 41 255 255 255
255 255 255 255 255 255 255 255 255 255 252 255 255 255 254 248 60 28 122 231 90 3 30 24 234 174 1 2 1 25 103 104 21 1 14 201 156 1 13 189 202 7 46 217 228 10 160 201 0 214 241 0 169 228 4 0 2 199 10 13 2 235 13 1 71 240 6 113 6 225 17 0 127 219 0 29 206 37 0 33 228 254 121 88 255 248 86 249 255 255
255 255 255 255 255 255 255 255 255 255 219 255 255 255 251 141 174 249 239 106 49 221 237 249 172 26 83 135 78 189 5 1 5 102 214 94 19 85 177 126 0 17 158 233 89 26 191 23 15 220 68 9 240 107 0 12 158 238 5 11 124 194 0 6 228 77 38 15 187 137 2 14 233 47 2 120 206 12 8 121 220 168 46 98 240 252 255 255 255 255
255 255 255 255 255 254 255 255 255 255 255 255 255 255 255 213 213 200 152 37 42 234 199 185 125 79 220 217 147 8 34 38 85 201 89 15 45 194 88 0 15 194 237 72 11 138 85 140 179 150 7 127 228 33 6 150 242 179 0 137 197 26 0 50 239 62 4 166 217 0 6 170 144 0 25 200 33 135 79 171 13 0 0 26 86 213 254 255 255 255
255 255 255 255 255 250 255 255 255 255 255 255 255 255 255 254 106 1 48 97 163 96 1 39 56 134 192 92 29 31 213 203 186 46 35 131 199 115 22 37 127 183 169 22 60 207 82 131 239 103 58 224 215 43 79 217 187 86 46 228 144 26 54 189 155 1 33 210 77 0 81 198 2 7 103 66 45 123 159 4 21 36 47 184 138 100 252 255 255 255
255 255 255 255 255 255 255 255 255 255 255 255 255 253 255 252 82 75 150 78 36 47 81 177 172 139 8 24 53 71 179 145 58 69 171 250 208 66 127 175 210 164 100 123 200 219 246 190 167 115 146 195 123 46 218 179 70 20 211 179 44 98 234 147 2 12 126 166 0 18 226 42 7 82 249 116 138 84 6 75 129 159 187 231 215 224 255 255 255 255
255 255 255 255 251 255 255 255 255 255 255 255 255 252 255 254 237 148 19 19 129 171 160 125 12 5 49 138 168 159 59 35 80 100 201 229 168 55 135 141 87 186 197 220 197 137 210 28 98 225 220 132 24 166 226 55 49 123 220 66 84 212 174 10 7 112 189 66 3 115 235 72 90 203 154 106 49 109 88 146 136 106 109 115 84 161 255 255 255 255
255 255 255 255 249 255 255 255 255 255 255 255 255 255 255 255 155 13 104 143 208 120 3 31 101 108 169 167 182 35 121 158 218 123 93 134 104 55 17 23 125 209 150 129 142 20 155 67 157 216 115 75 140 227 112 15 178 243 139 60 206 174 36 81 97 168 90 3 104 218 217 153 155 139 9 78 159 237 159 12 0 92 122 118 101 120 255 255 255 255
255 255 255 255 255 255 255 255 255 255 254 255 255 254 255 255 170 144 229 149 78 51 103 166 153 111 165 95 207 137 209 143 196 6 1 33 50 89 104 131 236 229 95 0 141 139 207 187 112 82 105 168 173 105 80 125 230 124 42 65 105 91 131 210 181 41 22 101 166 113 91 52 82 116 127 202 225 236 179 118 116 224 244 244 234 248 255 255 255 255
255 255 255 255 255 255 255 255 255 255 255 255 255 255 255 255 253 253 162 43 139 182 212 103 108 93 192 183 227 135 162 65 159 147 125 130 176 199 180 109 209 128 183 138 210 231 200 95 10 89 228 233 86 45 198 152 189 6 2 148 142 184 240 158 161 69 137 188 48 4 77 83 172 178 123 115 92 93 98 88 90 104 123 250 251 255 255 255 255 255
255 255 255 255 255 255 255 255 255 255 255 255 255 255 255 255 255 255 210 183 188 89 73 72 201 219 242 96 79 19 162 167 208 250 133 108 111 131 111 163 232 190 232 218 145 197 104 23 151 194 214 167 176 193 160 38 126 135 161 237 241 237 122 123 73 164 231 218 139 155 198 190 99 62 16 13 0 1 1 1 3 47 125 233 255 255 255 255 255 255
