255 255 255 255 255 255 255 255 255 255 255 255 255 255 255 255 255 255 255 255 255 255 255 255 255 255 255 255 255 255 255 255 255 255 255 255 255 255 255 255 255 255 255 255 255 255 255 255 255 255 255 255 255 255 255 255 255 255 255 255 255 255 255 255 255 255 255 255 255 255 255 255 255 255 255 255 255 255 255 255 255 255 255 255 255 255 255 255 255 255
255 255 255 255 255 255 255 255 255 255 255 255 255 255 255 255 255 255 255 255 255 255 255 255 255 255 255 255 255 255 255 255 255 255 255 255 255 255 255 255 255 255 255 255 255 255 255 255 255 255 255 255 255 255 255 255 255 255 255 255 255 255 255 255 255 255 255 255 255 255 255 255 255 255 255 255 255 255 255 255 255 255 255 255 255 255 255 255 255 255
255 255 255 255 255 255 255 255 255 255 255 255 255 255 255 255 255 255 255 255 255 255 255 255 255 255 255 255 255 255 255 255 255 255 255 255 255 255 255 255 255 255 255 255 255 255 255 255 255 255 255 255 255 255 255 255 255 255 255 255 255 255 255 255 255 255 255 255 255 255 255 255 255 255 255 255 255 255 255 255 255 255 255 255 255 255 255 255 255 255
255 255 255 255 255 255 255 255 255 255 255 255 255 255 255 255 255 255 255 255 255 255 255 255 255 255 255 255 255 255 255 255 255 255 255 255 255 255 255 255 255 255 255 255 255 255 255 255 255 255 255 255 255 255 255 255 255 255 255 255 255 255 255 255 255 255 255 255 255 255 255 255 255 255 255 255 255 255 255 255 255 255 255 255 255 255 255 255 255 255
255 255 255 255 255 255 255 255 255 255 255 255 255 255 255 255 255 255 255 255 255 255 255 255 255 255 255 255 255 255 255 255 255 255 255 255 255 255 255 255 255 255 255 255 255 255 255 255 255 255 255 255 255 255 255 255 255 255 255 255 255 255 255 255 255 255 255 255 255 255 255 255 255 255 255 255 255 255 255 255 255 255 255 255 255 255 255 255 255 255
255 255 255 255 255 255 255 255 255 255 255 255 255 255 255 255 255 255 255 255 255 255 255 255 255 255 255 255 255 255 255 255 255 255 255 255 255 255 255 255 255 255 255 255 255 255 255 255 255 255 255 255 255 255 255 255 255 255 255 255 255 255 255 255 255 255 255 255 255 255 255 255 255 255 255 255 255 255 255 255 255 255 255 255 255 255 255 255 255 255
255 255 255 255 255 255 255 255 255 255 255 255 255 255 255 255 255 255 255 255 255 255 255 255 255 255 255 255 255 255 255 255 255 255 255 255 255 255 255 255 255 255 255 255 255 255 255 255 255 255 255 255 255 255 255 255 255 255 255 255 255 255 255 255 255 255 255 255 255 255 255 255 255 255 255 255 255 255 255 255 255 255 255 255 255 255 255 255 255 255
255 255 255 255 255 255 255 255 255 255 255 255 255 255 255 255 255 255 255 255 255 255 255 255 255 255 255 255 255 255 255 255 255 255 255 255 255 255 255 255 255 255 251 251 245 251 247 255 255 255 255 255 255 255 255 255 255 255 255 255 255 255 255 255 255 255 255 255 255 255 255 255 255 255 255 255 255 255 255 255 255 255 255 255 255 255 255 255 255 255
255 255 255 255 255 255 255 255 255 255 255 255 255 255 255 255 255 255 255 255 255 255 255 255 255 255 255 255 255 255 255 255 255 255 255 255 255 255 255 255 255 255 253 253 251 253 252 252 239 237 254 254 255 246 254 255 255 255 255 255 255 255 255 255 255 255 255 255 255 255 255 255 255 255 255 255 255 255 255 255 255 255 255 255 255 255 255 255 255 255
255 255 255 255 255 255 255 255 255 255 255 255 255 255 255 255 255 255 255 255 255 255 255 255 255 255 255 255 255 255 255 251 246 254 251 255 248 255 224 230 225 228 216 255 255 255 255 254 239 228 241 255 255 253 232 235 248 255 255 255 255 251 255 255 255 255 255 255 255 255 255 255 255 255 255 255 255 255 255 255 255 255 255 255 255 255 255 255 255 255
255 255 255 255 255 255 255 255 255 255 255 255 255 255 255 255 255 255 255 255 255 255 255 255 255 255 255 255 255 255 250 243 243 247 238 252 226 229 212 249 197 215 218 212 213 221 252 206 241 252 253 255 255 255 239 203 221 244 243 255 255 254 254 255 255 255 255 255 255 255 255 255 255 255 255 255 255 255 255 255 255 255 255 255 255 255 255 255 255 255
255 255 255 255 255 255 255 255 255 255 255 255 255 255 255 255 255 255 255 255 255 255 255 255 255 255 255 255 255 255 255 255 255 255 255 255 255 255 254 255 254 254 254 238 191 241 243 224 229 221 201 210 254 255 255 251 225 201 254 203 224 255 255 255 255 255 255 255 255 255 255 255 255 255 255 255 255 255 255 255 255 255 255 255 255 255 255 255 255 255
255 255 255 255 255 255 255 255 255 255 255 255 255 255 255 255 255 255 255 255 255 255 255 255 255 255 255 254 253 254 252 252 255 253 253 234 237 242 236 251 254 251 252 254 255 252 195 251 253 248 226 233 183 219 217 246 252 254 246 203 203 202 250 252 255 246 255 250 255 255 255 255 255 255 255 255 255 255 255 255 255 255 255 255 255 255 255 255 255 255
255 255 255 255 255 255 255 255 255 255 255 255 255 255 255 255 255 255 255 255 255 255 255 255 253 255 254 243 231 237 210 214 254 232 236 210 217 230 186 198 237 183 201 229 244 244 209 241 221 250 254 254 227 203 180 197 202 239 246 254 247 228 239 209 249 253 250 239 248 253 255 255 255 255 255 255 255 255 255 255 255 255 255 255 255 255 255 255 255 255
255 255 255 255 255 255 255 255 255 255 255 255 255 255 255 255 255 255 255 255 255 255 255 255 241 255 248 250 239 254 233 239 253 242 237 236 255 246 224 243 228 212 191 195 185 176 253 227 188 215 234 236 239 253 246 253 195 181 184 228 241 253 210 204 207 233 247 252 230 238 250 254 255 255 255 255 255 255 255 255 255 255 255 255 255 255 255 255 255 255
255 255 255 255 255 255 255 255 255 255 255 255 255 255 255 255 255 255 255 255 255 255 255 255 255 255 254 255 249 247 250 247 245 242 237 242 236 242 245 247 243 253 255 255 243 209 250 191 200 226 177 168 175 226 237 244 255 236 197 180 186 242 244 252 217 208 212 244 247 244 229 244 247 255 255 255 255 255 255 255 255 255 255 255 255 255 255 255 255 255
255 255 255 255 255 255 255 255 255 255 255 255 255 255 255 255 255 255 255 255 255 248 247 244 240 254 247 248 231 211 230 210 216 209 191 221 184 211 204 217 196 224 229 227 224 231 232 252 255 251 211 205 200 192 184 200 234 247 255 226 206 227 206 230 253 241 212 207 234 254 235 225 225 252 255 255 255 255 255 255 255 255 255 255 255 255 255 255 255 255
255 255 255 255 255 255 255 255 255 255 255 255 255 255 255 255 255 255 255 255 245 239 239 233 231 254 246 244 238 207 226 213 231 228 218 250 212 232 210 223 204 199 188 188 172 189 178 225 227 211 237 252 255 240 196 188 194 213 222 239 255 232 207 203 226 240 246 218 196 232 244 236 217 235 250 255 255 255 255 255 255 255 255 255 255 255 255 255 255 255
255 255 255 255 255 255 255 255 255 255 255 255 255 255 255 255 255 254 247 240 243 249 250 250 255 237 250 218 255 246 248 255 255 254 238 247 249 255 255 255 254 239 226 230 217 223 199 211 183 184 189 215 213 253 244 232 223 212 177 194 238 250 246 230 182 202 223 247 225 199 211 240 235 219 233 254 255 255 255 255 255 255 255 255 255 255 255 255 255 255
255 255 255 255 255 255 255 255 255 255 255 255 255 255 255 255 255 254 247 242 255 255 248 229 235 217 248 222 254 235 218 207 219 238 202 220 209 233 211 210 208 208 235 208 219 243 248 243 222 234 160 201 161 201 207 247 255 248 222 190 210 202 237 245 215 183 181 202 242 229 202 200 223 239 229 238 253 255 255 255 255 255 255 255 255 255 255 255 255 255
255 255 255 255 255 255 255 255 255 255 255 255 255 255 255 241 255 255 254 247 237 232 208 233 234 241 253 241 212 189 180 175 230 237 216 221 202 222 197 178 169 159 228 168 229 189 255 209 255 251 220 241 215 166 206 186 194 218 255 237 231 168 197 222 253 229 213 169 195 227 238 195 190 227 248 217 228 255 255 255 255 255 255 255 255 255 255 255 255 255
255 255 255 255 255 255 255 255 255 255 255 255 255 255 255 247 255 255 243 251 193 241 236 253 251 216 219 236 226 230 232 233 254 252 248 248 243 246 242 233 230 225 248 214 245 222 212 162 174 187 205 219 253 230 247 161 153 167 206 248 253 228 161 161 206 255 249 229 215 177 204 240 226 208 255 243 215 232 255 255 255 255 255 255 255 255 255 255 255 255
255 255 255 255 255 255 255 255 255 255 255 255 255 255 255 246 235 216 247 254 239 254 255 205 243 222 244 251 251 241 230 197 201 171 216 165 182 231 172 203 204 233 219 250 253 253 242 225 184 227 178 147 174 216 255 235 229 169 178 162 204 254 233 219 173 184 255 192 204 235 203 188 236 245 201 254 246 216 222 255 255 255 255 255 255 255 255 255 255 255
255 255 255 255 255 255 255 255 255 255 255 255 255 255 235 199 232 248 254 215 255 182 219 246 253 251 236 168 162 165 232 156 196 144 197 166 237 166 136 164 155 251 129 205 177 192 189 250 246 253 233 237 126 156 188 196 254 243 223 137 192 180 255 253 221 179 184 174 148 164 248 196 175 190 178 187 255 249 209 255 255 255 255 255 255 255 255 255 255 255
255 255 255 255 255 255 255 255 255 255 255 255 255 220 251 251 253 255 241 161 255 249 252 255 240 151 138 136 196 243 253 248 251 247 251 249 254 248 247 248 248 246 204 224 151 227 116 168 135 223 254 255 246 248 174 120 143 224 253 240 163 236 139 255 253 149 130 180 161 139 159 226 203 163 162 171 205 255 252 255 255 255 255 255 255 255 255 255 255 255
255 255 255 255 255 255 255 255 255 255 255 255 255 255 254 255 204 188 255 255 254 247 167 141 218 223 255 255 254 254 207 176 253 141 146 140 174 145 147 159 186 254 254 255 255 254 243 222 103 185 94 108 221 254 255 235 185 94 203 254 255 225 117 138 253 255 141 115 237 186 129 122 193 254 255 199 163 189 255 255 255 255 255 255 255 255 255 255 255 255
255 255 255 255 255 255 255 255 255 255 255 255 255 244 180 255 214 253 245 211 136 223 179 255 248 255 192 222 138 117 116 151 235 110 147 113 148 198 201 119 236 89 111 214 211 149 241 248 243 255 218 99 86 96 210 246 235 129 89 111 242 249 227 236 109 244 253 129 111 163 216 140 124 149 244 255 181 163 227 255 255 255 255 255 255 255 255 255 255 255
255 255 255 255 255 255 255 255 255 255 255 252 248 252 227 255 250 236 136 246 144 251 231 246 161 249 112 158 234 255 247 229 233 255 230 255 231 226 231 242 255 234 245 255 239 116 103 160 96 233 230 246 181 210 83 146 224 239 141 97 89 165 233 183 97 114 231 247 127 100 128 247 204 161 118 235 255 193 185 242 255 255 255 255 255 255 255 255 255 255
255 255 255 255 255 255 255 255 255 255 255 227 220 255 236 243 203 248 177 255 219 227 102 209 142 247 252 255 217 218 209 120 139 255 128 254 126 91 137 149 217 142 164 208 209 230 230 129 105 137 86 186 211 251 170 173 52 128 225 166 128 89 104 200 109 84 90 216 252 132 98 185 245 228 137 131 225 255 219 161 233 255 255 255 255 255 255 255 255 255
255 255 255 255 255 255 255 255 255 255 240 215 253 216 149 216 175 255 255 255 94 159 164 252 255 207 192 255 76 77 233 201 196 193 193 240 240 211 217 138 137 113 115 107 110 168 129 202 238 180 125 104 86 179 193 229 117 64 102 200 246 156 72 67 67 84 132 112 202 253 140 89 171 251 237 107 116 223 244 170 153 240 255 255 255 255 255 255 255 255
255 255 255 255 255 255 255 255 251 255 224 255 202 114 112 254 254 192 195 251 150 229 226 182 254 112 106 255 130 123 238 83 61 44 42 143 182 170 244 184 173 251 179 177 212 235 116 127 149 220 226 253 187 80 52 169 247 136 119 67 158 245 131 58 61 71 253 143 92 185 254 144 87 186 249 164 150 136 227 254 183 186 244 255 255 255 255 255 255 255
255 255 255 255 255 255 255 255 249 255 254 185 100 159 184 244 175 73 160 250 239 204 142 80 251 194 219 255 254 242 185 142 133 132 129 133 145 122 239 132 60 215 39 46 89 153 197 227 149 195 135 240 177 191 129 29 145 211 233 148 52 241 252 139 56 53 177 255 129 73 192 254 165 92 168 251 241 132 143 254 251 167 214 255 255 255 255 255 255 255
255 255 255 255 255 255 255 245 252 255 178 93 169 245 194 184 84 159 249 212 120 111 166 184 251 252 204 139 141 121 124 135 181 133 132 132 149 215 221 236 177 217 144 154 69 36 76 131 183 231 171 213 50 135 193 148 105 83 130 242 169 210 137 249 153 99 57 225 200 95 76 187 255 173 75 158 255 203 113 175 244 222 228 255 255 255 255 255 255 255
255 255 255 255 255 254 231 246 252 222 116 187 249 157 104 208 188 254 130 183 162 185 244 255 122 116 109 33 97 116 211 134 158 125 74 46 36 140 96 188 115 212 174 251 196 169 163 46 55 102 216 231 160 95 80 186 167 17 17 109 255 204 33 153 232 210 128 163 186 194 113 88 208 253 178 79 219 255 202 96 149 254 255 255 255 255 255 255 255 255
255 255 255 255 255 250 188 254 240 119 191 217 123 95 191 248 144 254 145 233 246 177 130 155 100 174 194 181 217 230 255 238 224 224 153 181 178 205 179 217 172 88 71 116 99 255 217 189 173 175 130 92 139 204 151 103 187 175 29 65 166 246 180 53 89 233 233 99 73 199 224 88 158 210 254 193 121 210 254 186 96 185 255 255 255 255 255 255 255 255
255 255 255 255 255 253 233 255 150 81 107 135 84 210 114 205 104 255 240 178 119 55 41 215 223 253 247 172 87 87 207 249 78 83 60 79 84 156 100 232 239 197 200 186 192 232 60 83 186 255 207 49 36 69 71 178 235 255 197 76 59 86 249 197 67 81 242 208 41 82 253 214 131 77 184 254 151 96 202 249 147 111 222 255 255 255 255 255 255 255
255 255 255 255 255 255 255 155 134 204 165 227 214 89 41 179 227 254 138 199 32 59 212 246 210 75 134 113 55 48 128 251 155 134 181 22 26 96 28 54 57 71 135 200 239 249 189 44 114 127 187 209 210 96 39 192 62 125 244 220 45 17 81 252 222 32 68 252 214 30 89 254 230 124 64 212 240 81 89 240 237 186 117 253 255 255 255 255 255 255
255 255 255 255 255 237 152 137 193 252 247 251 88 35 169 244 156 207 106 183 223 232 113 51 76 31 203 237 232 231 238 201 168 230 120 139 209 231 227 226 146 85 26 35 44 82 235 230 237 115 32 39 158 231 230 247 56 28 48 230 230 145 81 48 250 228 26 91 255 212 111 105 255 242 55 78 252 218 50 86 238 249 98 227 255 255 255 255 255 255
255 255 255 255 255 153 112 245 252 255 210 131 39 215 243 46 31 155 248 251 206 159 23 21 23 244 230 137 93 41 79 27 25 33 23 21 26 36 167 121 235 247 244 57 17 22 29 104 223 248 243 41 17 36 66 253 245 49 98 25 150 251 152 15 41 255 197 47 43 254 182 27 98 255 211 31 186 254 141 55 77 254 247 190 255 255 255 255 255 255
255 255 255 255 250 254 254 252 209 93 45 91 253 149 32 29 138 250 219 232 55 55 196 206 204 39 92 24 76 44 212 230 183 148 146 204 109 162 76 13 18 60 136 241 247 194 49 70 17 91 231 249 120 23 76 13 124 248 48 19 13 118 252 91 17 147 251 197 21 23 254 175 34 152 255 200 43 182 255 128 56 99 254 253 174 255 255 255 255 255
255 255 255 255 216 249 240 159 76 86 89 255 157 27 53 207 226 51 27 161 244 234 223 147 82 42 146 249 250 202 182 188 158 170 186 202 190 197 220 115 154 144 48 109 111 194 237 158 68 118 14 44 230 253 40 11 15 23 229 212 32 18 131 232 124 44 89 248 37 17 188 254 193 78 237 255 59 58 243 255 152 58 221 255 255 255 255 255 255 255
255 255 255 255 248 186 150 235 224 171 251 217 63 74 248 250 25 28 105 223 167 45 36 70 255 253 253 167 182 41 60 67 60 57 58 58 52 40 34 21 129 182 212 208 230 32 71 212 221 175 41 21 18 196 137 17 27 22 17 224 175 21 14 21 222 74 20 165 182 60 21 218 250 59 71 241 243 69 126 240 254 82 211 244 255 255 255 255 255 255
255 255 255 250 203 166 212 118 118 252 192 45 207 255 168 221 97 119 199 58 19 79 136 234 199 188 247 76 101 185 252 230 197 195 197 209 210 159 134 75 97 74 19 160 229 149 92 26 48 187 159 95 34 22 49 24 118 85 12 60 219 98 20 16 82 255 62 36 216 249 52 62 205 213 46 139 252 154 56 138 255 206 99 164 243 255 255 255 255 255
255 255 255 224 196 241 72 87 211 189 60 114 194 245 70 160 232 173 26 28 86 177 136 138 87 90 241 220 205 164 198 143 18 16 24 56 91 79 187 174 190 214 90 132 119 166 190 123 50 14 110 207 138 95 18 15 184 216 62 15 78 238 102 31 44 224 209 34 89 252 166 23 41 202 124 29 225 255 121 40 207 254 170 82 169 255 255 255 255 255
255 255 255 220 214 149 96 189 253 84 136 158 89 210 204 201 121 65 114 116 135 18 34 127 231 220 141 188 159 113 150 159 82 91 117 116 113 109 171 56 38 85 163 194 102 97 36 166 168 107 41 68 162 200 81 22 23 161 202 99 21 159 239 140 55 146 239 133 51 155 252 73 22 62 251 116 122 234 242 121 86 215 255 162 86 255 255 255 255 255
255 255 255 248 110 73 209 205 192 171 129 27 80 218 198 73 54 187 216 127 22 67 131 231 255 200 124 192 159 152 212 126 104 116 136 142 143 149 197 180 127 124 169 129 105 211 13 22 152 240 131 35 17 117 185 135 19 14 145 229 85 34 121 199 178 115 149 244 104 89 163 194 30 21 241 244 28 123 255 247 134 103 205 255 160 255 255 255 255 255
255 255 255 159 129 180 246 126 189 189 30 37 129 148 79 110 178 222 91 25 104 195 246 214 129 108 115 68 49 140 212 128 102 116 113 84 17 30 109 195 126 133 163 147 121 223 98 41 25 110 158 166 41 16 96 237 146 49 19 126 208 35 14 73 219 184 51 152 230 104 39 238 126 44 143 255 121 66 167 168 241 139 101 219 251 255 255 255 255 255
255 255 255 159 228 150 170 198 231 80 88 163 100 33 112 228 174 94 42 166 215 120 104 88 75 113 148 165 166 246 239 160 99 116 116 125 66 77 138 212 125 114 182 60 89 104 149 180 143 57 38 139 178 81 12 95 221 187 31 27 124 175 125 16 113 171 141 35 155 168 16 120 233 146 43 236 233 168 135 56 171 242 100 115 255 255 255 255 255 255
255 226 214 239 241 66 178 211 221 145 211 93 24 104 226 220 62 84 190 191 92 25 80 183 129 104 95 230 85 249 221 51 28 57 36 162 41 48 65 152 75 165 164 163 75 15 50 110 165 201 89 136 91 205 46 14 77 249 182 21 23 174 127 172 194 52 152 131 45 140 23 32 204 237 35 141 255 101 202 178 66 192 213 59 169 255 255 255 255 255
255 235 240 142 244 207 242 119 225 234 99 22 25 218 82 82 201 218 87 119 51 173 172 74 50 34 22 89 65 253 193 92 124 188 145 184 196 198 196 174 14 173 41 66 34 31 183 33 84 92 221 76 145 71 192 123 20 74 252 101 16 53 99 70 223 123 49 173 121 48 123 19 66 255 190 42 236 191 100 207 194 121 253 176 78 255 255 255 255 255
255 253 232 67 240 252 132 214 139 74 28 32 163 78 22 118 255 88 165 78 221 213 216 19 135 128 212 208 225 143 41 31 38 68 41 43 60 252 94 62 207 241 149 14 14 19 98 216 82 20 65 219 116 22 71 238 94 17 101 233 18 22 178 42 56 223 79 143 88 213 238 137 40 124 252 34 82 252 115 88 253 60 158 248 64 150 255 255 255 255
255 255 145 175 253 134 55 235 39 31 173 221 46 27 171 243 185 23 184 237 128 37 86 217 245 231 65 40 40 241 38 15 42 49 46 15 32 139 20 15 37 42 196 217 41 16 54 50 163 169 176 74 233 136 19 65 240 91 26 223 118 22 47 233 30 68 239 79 24 63 255 235 21 209 255 233 53 191 242 98 88 57 74 255 227 96 255 255 255 255
255 148 101 239 105 165 250 55 32 84 253 41 24 172 252 90 64 183 253 68 23 49 250 254 125 19 19 13 14 169 249 249 236 165 250 120 249 239 92 62 9 14 19 33 121 234 11 11 18 202 227 16 22 201 212 22 49 238 30 30 242 30 19 39 248 73 126 247 92 40 47 255 206 74 82 255 109 26 255 251 141 34 43 227 255 250 255 255 255 255
251 168 247 73 50 255 249 34 30 175 39 31 187 208 21 24 27 229 27 33 69 152 25 24 80 96 187 201 244 128 68 31 17 15 138 18 29 52 172 244 247 160 85 28 11 49 167 141 27 17 123 225 18 11 219 157 15 31 252 29 29 58 24 13 218 136 14 89 244 34 26 190 255 108 139 193 254 208 105 245 252 49 29 63 251 255 255 255 255 255
178 249 168 49 108 227 127 193 89 34 31 209 209 23 44 67 81 27 47 164 170 19 32 54 126 230 180 27 15 45 45 41 39 37 45 43 41 38 239 27 116 179 212 115 34 24 8 48 231 88 15 144 131 43 34 236 53 92 163 245 52 29 152 21 20 235 57 19 34 247 40 20 237 248 47 26 212 255 42 33 180 246 101 41 153 255 255 255 255 255
251 184 61 102 157 49 169 234 76 25 103 212 30 66 196 136 24 64 207 58 20 34 114 199 101 44 19 52 76 251 245 204 206 162 194 212 211 195 216 93 80 42 13 13 129 45 35 14 51 221 63 45 212 232 122 85 212 57 58 239 119 117 24 70 23 110 234 60 20 214 187 28 114 244 242 51 50 231 195 40 23 176 236 73 61 249 255 255 255 255
255 119 104 137 37 35 191 161 37 80 167 40 97 207 140 135 86 214 57 20 64 95 184 52 32 74 89 159 192 176 224 48 107 18 50 73 37 50 47 168 194 107 40 12 13 39 111 25 17 59 206 178 31 172 180 18 55 186 172 139 254 110 14 135 87 18 159 221 28 38 245 122 26 152 255 189 25 103 199 143 52 26 158 242 116 187 255 255 255 255
255 211 228 56 36 89 204 50 120 150 24 69 207 97 22 140 199 106 24 93 153 98 14 21 90 184 234 29 16 11 192 15 25 15 122 22 12 83 20 16 27 43 66 12 45 13 22 54 89 10 80 225 74 58 202 80 14 87 71 25 218 212 19 18 234 66 22 200 117 16 152 250 78 25 204 255 89 20 36 251 178 52 36 251 254 111 226 255 255 255
255 254 134 37 40 119 108 151 186 26 86 174 165 84 116 198 65 50 125 192 61 20 77 111 158 58 179 47 19 106 187 68 43 66 191 119 40 35 18 15 104 101 24 16 71 111 14 32 164 83 18 123 212 88 66 224 87 132 209 103 97 160 121 15 149 197 54 76 252 118 24 190 216 28 92 237 215 87 31 157 255 174 69 207 221 205 205 255 255 255
255 171 57 48 32 34 163 144 62 135 138 110 192 172 164 167 78 169 140 67 15 18 94 137 36 98 156 175 28 154 130 83 47 77 135 147 117 98 98 27 111 123 137 24 25 137 130 18 90 105 118 25 223 128 25 148 215 136 139 213 42 36 184 122 18 185 175 66 144 247 106 74 248 135 55 122 207 215 127 30 149 254 186 92 111 255 255 255 255 255
244 114 149 48 31 132 137 26 144 190 60 68 204 158 42 171 203 133 20 19 17 16 18 28 50 91 108 234 24 40 19 19 20 16 108 40 80 88 111 70 63 25 115 22 69 21 123 95 96 17 146 157 98 185 145 38 179 58 19 104 172 15 61 223 23 58 177 148 26 118 219 62 127 254 150 25 86 248 234 135 31 129 254 140 50 182 255 255 255 255
205 204 127 38 109 101 33 149 196 66 119 197 123 42 20 168 125 21 19 159 20 20 16 19 38 18 17 238 163 169 168 167 170 167 229 121 16 12 27 46 170 110 18 17 80 58 71 68 183 15 42 200 20 68 240 34 67 194 26 61 200 110 14 101 172 17 57 189 40 17 124 181 29 169 251 166 25 106 246 242 111 29 118 240 162 78 255 255 255 255
212 120 68 51 107 36 71 197 71 33 228 129 34 163 72 72 99 17 150 91 21 19 19 15 61 147 183 242 172 144 110 85 89 92 99 82 15 10 14 17 75 63 125 16 32 188 178 14 86 141 17 112 184 46 106 141 24 111 188 44 62 229 31 29 130 169 39 68 190 20 33 251 30 51 253 253 89 24 99 253 227 67 68 100 246 194 255 255 255 255
213 64 51 41 45 62 215 62 86 56 75 44 158 223 36 23 56 32 61 27 19 27 83 201 210 62 68 69 48 36 27 17 17 24 17 21 12 15 16 18 19 12 56 151 105 242 245 19 20 110 143 36 110 86 24 181 174 27 244 76 22 169 171 21 34 213 208 20 129 180 24 151 170 25 73 249 224 32 29 78 254 217 75 29 233 255 255 255 255 255
118 96 44 33 50 148 67 32 147 29 28 222 188 52 19 197 148 16 16 18 94 120 194 53 48 19 19 17 17 38 36 16 179 24 211 133 21 12 16 28 71 11 15 80 226 76 178 62 41 33 243 16 41 218 19 50 247 20 52 209 19 38 77 20 20 46 226 95 34 104 20 39 248 169 23 58 254 213 33 26 127 234 228 73 200 255 255 255 255 255
243 215 49 58 93 37 30 85 51 28 231 255 50 25 160 243 30 22 15 22 85 32 33 25 17 15 16 223 225 189 201 209 82 16 37 143 237 236 146 114 20 16 78 25 35 24 35 240 106 17 107 100 120 35 115 16 136 108 18 33 184 19 22 119 60 23 38 243 18 24 20 26 149 250 71 24 97 254 238 25 34 115 254 241 84 255 255 255 255 255
248 189 51 177 36 37 71 106 24 43 255 212 23 174 254 25 22 21 16 237 25 23 13 15 39 228 238 211 16 10 15 17 249 155 23 12 125 223 229 15 22 17 178 252 23 27 17 196 207 19 74 246 52 21 25 25 17 19 16 29 210 23 20 31 235 30 17 47 85 52 22 22 46 255 254 27 31 193 255 228 19 173 28 252 254 255 255 255 255 255
89 85 48 37 30 97 155 32 47 233 223 232 124 254 54 19 21 82 145 24 72 46 152 251 238 29 13 13 18 16 19 24 36 30 105 115 187 21 14 17 26 17 18 59 15 53 54 20 35 87 30 21 121 19 18 20 18 20 90 19 101 211 31 16 26 226 22 21 20 65 172 42 24 45 242 247 43 28 216 250 193 47 28 119 243 255 255 255 255 255
103 189 58 39 57 231 30 56 228 230 72 98 233 208 18 24 18 168 23 32 59 235 175 180 45 22 20 17 21 19 24 107 145 25 21 209 191 78 18 17 114 46 38 16 21 228 56 22 18 171 58 22 19 24 28 19 20 21 235 58 31 220 196 19 23 171 62 51 24 20 147 190 48 38 65 236 232 86 22 165 245 255 60 37 82 255 255 255 255 255
254 162 55 43 163 97 50 204 190 98 182 23 143 23 21 23 21 21 29 136 246 98 15 30 21 28 19 18 19 16 47 194 215 89 37 15 105 198 23 18 18 30 180 23 25 68 234 47 23 166 154 29 18 24 97 42 22 21 152 154 66 32 196 59 22 43 206 208 49 27 21 33 202 91 27 102 249 201 66 59 149 225 250 106 100 255 255 255 255 255
236 74 74 106 72 65 162 195 103 102 211 27 22 53 23 25 22 23 109 238 195 29 21 38 95 126 75 42 21 47 31 31 53 158 107 83 38 35 41 18 15 40 176 94 61 28 116 128 23 21 54 82 25 22 130 158 32 18 20 186 47 23 26 126 28 67 47 156 175 28 26 24 174 117 47 32 172 254 222 83 26 97 243 255 255 255 255 255 255 255
152 88 178 167 34 121 206 41 131 233 208 29 22 132 22 27 22 67 175 133 107 39 22 53 183 214 144 69 20 76 72 127 61 26 131 156 96 80 31 13 20 49 16 154 151 35 20 85 20 22 22 114 45 21 24 158 110 20 19 105 78 27 20 22 34 35 22 25 204 22 24 26 41 238 120 25 45 173 203 211 111 107 159 255 255 255 255 255 255 255
101 188 234 60 44 230 84 36 132 220 87 45 82 94 23 24 24 87 44 20 62 80 21 25 41 87 23 26 20 15 44 151 176 96 116 53 75 187 44 17 19 19 18 26 251 83 27 19 21 20 19 48 149 25 23 25 193 38 23 26 21 87 23 24 24 107 32 24 90 61 60 26 43 145 249 126 74 33 157 255 253 219 55 253 255 255 255 255 255 255
190 252 141 47 132 144 34 113 212 139 33 87 89 23 104 124 28 29 38 130 183 169 21 18 21 17 124 76 19 28 27 21 119 142 56 56 25 108 159 21 25 108 18 19 131 170 97 21 19 20 21 22 127 82 21 23 86 156 21 22 24 106 97 22 22 97 148 25 46 72 162 69 45 45 165 254 164 29 92 144 221 244 144 253 255 255 255 255 255 255
255 184 70 95 199 43 53 98 127 62 29 61 27 51 224 175 24 42 167 248 203 159 23 17 20 108 242 61 20 125 162 85 18 59 21 79 143 26 229 48 27 202 69 18 18 230 80 20 22 33 22 23 21 170 19 25 22 130 24 23 24 37 157 86 22 26 158 143 29 29 142 156 72 47 50 170 254 159 56 29 97 250 249 255 255 255 255 255 255 255
255 109 147 188 113 64 50 33 62 38 23 55 31 191 204 68 33 132 119 103 72 57 29 125 115 75 128 19 18 199 168 80 70 27 21 82 223 24 101 187 103 134 203 21 19 191 87 22 21 26 27 23 18 85 87 23 21 29 57 40 22 29 67 207 138 22 48 244 163 26 52 82 58 39 27 69 118 255 176 59 46 211 255 255 255 255 255 255 255 255
255 113 237 127 62 110 37 41 133 78 31 167 65 107 68 30 187 186 35 24 36 173 43 126 63 96 32 23 22 205 52 35 56 23 47 32 155 94 25 109 55 40 223 30 22 77 210 22 21 20 24 40 68 23 113 61 24 23 37 39 95 25 22 103 240 25 26 143 245 105 28 25 25 27 34 42 35 129 255 205 87 237 255 255 255 255 255 255 255 255
255 223 255 68 63 64 36 75 206 54 106 236 36 31 26 91 171 74 28 54 211 160 25 40 29 45 21 198 196 65 22 40 26 23 208 30 78 68 22 34 131 23 138 176 18 33 77 25 23 23 26 151 35 86 40 138 146 29 46 29 127 124 26 31 116 166 30 44 148 219 146 27 28 27 195 59 77 46 145 255 223 255 255 255 255 255 255 255 255 255
255 254 178 77 72 41 41 48 63 124 238 167 28 82 179 37 42 29 37 211 143 39 18 91 219 133 183 253 209 15 23 214 24 20 71 81 77 141 20 25 239 140 53 211 62 25 26 171 58 19 23 168 210 36 23 49 245 161 31 28 43 227 90 30 31 185 97 118 40 210 245 169 31 23 120 230 198 34 120 237 255 255 255 255 255 255 255 255 255 255
255 255 161 104 184 116 79 48 51 247 194 39 30 175 100 29 25 97 242 243 30 23 16 35 179 92 243 204 30 27 67 245 52 23 88 135 26 50 25 28 205 25 23 153 209 23 26 104 238 48 31 39 144 163 23 65 115 251 154 28 27 61 237 23 28 36 165 43 23 61 245 249 188 46 31 114 253 229 103 54 117 252 255 221 198 255 255 255 255 255
255 231 139 90 162 184 173 50 235 204 54 41 170 42 25 28 25 229 51 140 40 24 27 30 30 33 248 20 21 26 83 113 101 26 170 169 23 22 39 26 21 23 26 32 155 154 20 32 252 147 30 29 26 203 164 108 25 26 83 80 25 29 126 235 31 25 30 233 83 137 31 180 252 243 92 31 102 253 251 216 78 80 255 255 253 255 255 255 255 255
255 255 156 79 80 60 70 157 90 194 98 248 148 28 28 38 116 29 27 229 42 26 33 218 25 180 117 19 18 147 64 186 155 23 91 71 25 23 105 25 21 22 28 86 25 226 28 25 64 237 140 29 27 39 226 203 36 38 31 120 25 29 37 253 188 42 31 79 239 164 40 141 51 218 246 207 74 197 135 244 255 255 255 255 249 255 255 255 255 255
255 252 192 116 105 70 102 140 56 90 239 233 131 53 90 124 23 28 33 68 51 81 107 26 24 23 24 23 19 213 224 101 45 29 235 38 53 60 42 56 25 18 24 22 21 38 145 32 35 50 110 81 50 25 29 86 141 124 118 42 31 33 29 237 134 213 70 42 69 227 176 162 51 75 135 203 252 220 87 133 255 255 255 255 255 255 255 255 255 255
255 255 255 235 146 112 210 74 95 226 230 112 205 191 141 29 23 34 32 26 57 106 23 36 68 32 34 23 25 36 60 33 23 100 171 28 171 212 56 163 20 22 21 25 21 24 137 107 81 25 24 26 157 63 59 36 29 68 191 112 65 77 79 218 218 212 233 167 56 112 205 252 165 226 77 37 206 255 159 141 255 255 255 255 255 255 255 255 255 255
255 252 255 185 141 177 136 116 213 225 121 81 241 216 29 27 81 93 30 26 27 62 87 61 150 57 47 24 34 60 25 34 86 237 22 38 141 114 25 26 26 30 41 22 23 26 92 130 106 58 41 26 48 145 152 123 90 50 25 68 69 176 226 175 124 64 132 191 175 74 40 179 193 204 225 112 132 244 135 247 255 255 255 255 255 255 255 255 255 255
255 249 255 193 239 147 149 218 193 144 91 192 174 93 32 35 208 160 27 35 116 187 168 26 28 43 26 25 21 23 52 125 201 148 33 36 27 25 24 47 98 68 60 37 106 97 169 25 42 92 69 93 28 57 97 166 170 113 110 67 28 29 115 172 161 40 29 46 178 198 46 43 81 87 161 182 237 225 130 241 255 255 255 255 255 255 255 255 255 255
255 255 254 255 199 160 202 214 128 168 184 152 50 35 31 39 134 54 28 101 224 189 46 101 26 26 24 27 28 107 151 157 108 29 82 112 72 24 24 120 222 170 33 44 158 194 152 128 39 27 49 124 33 28 28 30 58 79 177 136 125 62 29 31 112 29 30 30 45 154 59 133 162 34 33 47 161 233 247 255 255 255 255 255 255 255 255 255 255 255
255 255 255 254 199 216 214 133 180 239 168 49 49 40 37 35 120 149 117 120 112 120 126 224 37 26 69 42 96 125 117 32 29 53 192 194 80 73 28 97 126 121 28 26 43 96 129 204 147 139 84 29 33 33 76 69 36 26 62 103 137 139 135 124 66 32 32 30 36 36 37 130 217 153 136 60 50 149 255 255 255 255 255 255 255 255 255 255 255 255
255 255 255 255 251 255 149 194 246 197 115 60 53 54 51 114 231 176 103 55 111 200 178 121 37 29 79 161 76 35 25 132 70 166 144 90 35 102 53 150 46 38 93 71 43 26 30 150 118 178 177 68 107 34 76 152 146 104 38 33 43 89 112 105 61 135 135 138 97 63 37 39 121 165 205 188 171 180 255 255 255 255 255 255 255 255 255 255 255 255
255 255 255 255 255 255 213 241 164 220 197 76 59 99 123 132 200 70 132 184 216 198 73 36 33 116 189 119 31 24 29 99 59 97 58 46 144 201 194 246 189 185 217 205 187 139 151 158 61 83 90 53 69 38 43 84 106 188 185 173 104 33 37 32 46 89 127 164 216 197 184 181 169 94 119 250 254 254 255 255 255 255 255 254 255 255 255 255 255 255
